# time nrequests latency average
13:03:37 0  0.0 0.0
13:03:38 2 0.0498945 0.0
13:03:39 0  0.0498945 0.0
13:03:40 0  0.0498945 0.0
13:03:41 0  0.0498945 0.0
13:03:42 0  0.0498945 0.0
13:03:43 0  0.0498945 0.0
13:03:44 0  0.0498945 0.0
13:03:45 0  0.0498945 0.0
13:03:46 0  0.0498945 0.0
13:03:47 0  0.0498945 0.0
13:03:48 0  0.0498945 0.0
13:03:49 0  0.0498945 0.0
13:03:50 0  0.0498945 0.0
13:03:51 0  0.0498945 0.0
13:03:52 0  0.0498945 0.0
13:03:53 0  0.0498945 0.0
13:03:54 0  0.0498945 0.0
13:03:55 0  0.0498945 0.0
13:03:56 0  0.0498945 0.0
13:03:57 0  0.0498945 0.0
13:03:58 0  0.0498945 0.0
13:03:59 0  0.0498945 0.0
13:04:00 0  0.0498945 0.0
13:04:01 0  0.0498945 0.0
13:04:02 0  0.0498945 0.0
13:04:03 0  0.0498945 0.0
13:04:04 0  0.0498945 0.0
13:04:05 0  0.0498945 0.0
13:04:06 0  0.0498945 0.0
13:04:07 0  0.0498945 0.0
13:04:08 0  0.0498945 0.0
13:04:09 0  0.0498945 0.0
13:04:10 0  0.0498945 0.0
13:04:11 0  0.0498945 0.0
13:04:12 0  0.0498945 0.0
13:04:13 0  0.0498945 0.0
13:04:14 0  0.0498945 0.0
13:04:15 0  0.0498945 0.0
13:04:16 0  0.0498945 0.0
13:04:17 0  0.0498945 0.0
13:04:18 0  0.0498945 0.0
13:04:19 0  0.0498945 0.0
13:04:20 0  0.0498945 0.0
13:04:21 801 0.0397154069913 0.0
13:04:22 1549 0.038319004519 0.0
13:04:23 1150 0.0351277252174 0.0
13:04:24 956 0.0354676108787 0.0
13:04:25 1525 0.0403423822951 0.0
13:04:26 1137 0.0401224555849 0.0
13:04:27 1098 0.041047071949 0.0
13:04:28 1360 0.0378110595588 0.0
13:04:29 798 0.0351027907268 0.0
13:04:30 0  0.0351027907268 0.0
13:04:31 0  0.0351027907268 0.0
13:04:32 0  0.0351027907268 0.0
13:04:33 881 0.0358872088536 0.0392950007721
13:04:34 123 0.0335779756098 0.0378942716575
13:04:35 0  0.0335779756098 0.0378942716575
13:04:36 0  0.0335779756098 0.0378942716575
13:04:37 0  0.0335779756098 0.0378942716575
13:04:38 0  0.0335779756098 0.0378942716575
13:04:39 0  0.0335779756098 0.0378942716575
13:04:40 0  0.0335779756098 0.0378942716575
13:04:41 0  0.0335779756098 0.0378942716575
13:04:42 0  0.0335779756098 0.0378942716575
13:04:43 0  0.0335779756098 0.0378942716575
13:04:44 0  0.0335779756098 0.0378942716575
13:04:45 0  0.0335779756098 0.0378942716575
13:04:46 0  0.0335779756098 0.0378942716575
13:04:47 0  0.0335779756098 0.0378942716575
13:04:48 0  0.0335779756098 0.0378942716575
13:04:49 1072 0.0385319813433 0.0372805285193
13:04:50 1001 0.0505191978022 0.0373018262017
13:04:51 1036 0.0547537133205 0.0388409734602
13:04:52 967 0.056074983454 0.0407695837044
13:04:53 933 0.0460574576635 0.0423428438203
13:04:54 962 0.0360606029106 0.0429363440281
13:04:55 49 0.0274370204082 0.0424376971243
13:04:56 1215 0.0394584609053 0.0414002932092
13:04:57 1542 0.0401594546044 0.0418358602271
13:04:58 635 0.0381770314961 0.0422630848022
13:04:59 622 0.0347194453376 0.0427229903908
13:05:00 0  0.0347194453376 0.0427229903908
13:05:01 0  0.0347194453376 0.0427229903908
13:05:02 0  0.0347194453376 0.0427229903908
13:05:03 0  0.0347194453376 0.0427229903908
13:05:04 0  0.0347194453376 0.0427229903908
13:05:05 754 0.0410279230769 0.0423417367902
13:05:06 1058 0.0400360463138 0.0413926093177
13:05:07 1200 0.0403938725 0.039920842617
13:05:08 1342 0.0380973509687 0.0383527315216
13:05:09 664 0.0354313990964 0.0375567208522
13:05:10 1004 0.0358302679283 0.0374938004707
13:05:11 1004 0.0395342181275 0.0383331252228
13:05:12 1004 0.0394581185259 0.038340700945
13:05:13 1004 0.0393691404382 0.0382705673371
13:05:14 0  0.0393691404382 0.0382705673371
13:05:15 0  0.0393691404382 0.0382705673371
13:05:16 0  0.0393691404382 0.0382705673371
13:05:17 0  0.0393691404382 0.0382705673371
13:05:18 0  0.0393691404382 0.0382705673371
13:05:19 0  0.0393691404382 0.0382705673371
13:05:20 0  0.0393691404382 0.0382705673371
13:05:21 0  0.0393691404382 0.0382705673371
13:05:22 930 0.0398791182796 0.0383897782313
13:05:23 361 0.0366812520776 0.0389057455255
13:05:24 465 0.0341986924731 0.0384710784256
13:05:25 1076 0.0419222481413 0.0378873430415
13:05:26 1182 0.0404438671743 0.0380401806057
13:05:27 982 0.0576923533605 0.0382748322262
13:05:28 784 0.0458415 0.0405009276526
13:05:29 1244 0.0362902258842 0.0415020508598
13:05:30 908 0.0494933513216 0.0411776516355
13:05:31 1098 0.0411247386157 0.042181174915
13:05:32 828 0.0565381364734 0.0423567347328
13:05:33 729 0.0453922908093 0.0440226365522
13:05:34 451 0.0368928470067 0.0448937404253
13:05:35 0  0.0368928470067 0.0448937404253
13:05:36 0  0.0368928470067 0.0448937404253
13:05:37 170 0.0348957647059 0.0451631558787
13:05:38 816 0.0352311090686 0.0444605075352
13:05:39 18 0.0366431666667 0.0439392317246
13:05:40 0  0.0366431666667 0.0439392317246
13:05:41 1004 0.0372154073705 0.0418343130552
13:05:42 1184 0.0390518994932 0.0409717037923
13:05:43 824 0.0344490934466 0.0412478711532
13:05:44 0  0.0344490934466 0.0412478711532
13:05:45 56 0.03868325 0.0397434453657
13:05:46 1290 0.0404620589147 0.0394992965041
13:05:47 1580 0.0395458177215 0.0378916887482
13:05:48 887 0.0358067880496 0.0373070414394
13:05:49 201 0.0320492288557 0.0371984355437
13:05:50 0  0.0320492288557 0.0371984355437
13:05:51 0  0.0320492288557 0.0371984355437
13:05:52 0  0.0320492288557 0.0371984355437
13:05:53 0  0.0320492288557 0.0371984355437
13:05:54 0  0.0320492288557 0.0371984355437
13:05:55 0  0.0320492288557 0.0371984355437
13:05:56 77 0.0378525844156 0.0369137819587
13:05:57 841 0.0342649286564 0.0371759294934
13:05:58 86 0.0370773837209 0.0369381056924
13:05:59 0  0.0370773837209 0.0369381056924
13:06:00 0  0.0370773837209 0.0369381056924
13:06:01 102 0.0349435588235 0.0369243033274
13:06:02 800 0.036447875 0.0365134692605
13:06:03 102 0.0355579705882 0.0367133474158
13:06:04 656 0.0360748887195 0.0364008194746
13:06:05 1286 0.0413333055988 0.0359621024551
13:06:06 1218 0.0403683883415 0.0361408512428
13:06:07 1320 0.040354469697 0.036597011272
13:06:08 1094 0.0408781489945 0.0374275353561
13:06:09 446 0.0356811704036 0.037730091814
13:06:10 0  0.0356811704036 0.037730091814
13:06:11 928 0.0372600571121 0.0378717159888
13:06:12 1078 0.0395871289425 0.0378899833279
13:06:13 2 0.0358035 0.0383543403398
13:06:14 0  0.0358035 0.0383543403398
13:06:15 243 0.04037681893 0.0382899028398
13:06:16 761 0.0350008712221 0.0387717876739
13:06:17 0  0.0350008712221 0.0387717876739
13:06:18 2 0.110496 0.0386643859242
13:06:19 1369 0.0370661439007 0.0455806553643
13:06:20 635 0.0364881055118 0.0452504309202
13:06:21 0  0.0364881055118 0.0452504309202
13:06:22 0  0.0364881055118 0.0452504309202
13:06:23 0  0.0364881055118 0.0452504309202
13:06:24 364 0.0403042857143 0.0448637945017
13:06:25 1106 0.0470082793852 0.0448064081737
13:06:26 1057 0.0502028353832 0.0459391190719
13:06:27 1127 0.058101971606 0.047233396899
13:06:28 358 0.0603470726257 0.0490848811653
13:06:29 0  0.0603470726257 0.0490848811653
13:06:30 1004 0.035603999004 0.0515392384279
13:06:31 0  0.035603999004 0.0515392384279
13:06:32 0  0.035603999004 0.0515392384279
13:06:33 0  0.035603999004 0.0515392384279
13:06:34 0  0.035603999004 0.0515392384279
13:06:35 0  0.035603999004 0.0515392384279
13:06:36 0  0.035603999004 0.0515392384279
13:06:37 1004 0.0368010368526 0.0510619564353
13:06:38 409 0.0343610391198 0.0512419729983
13:06:39 1377 0.0380303471314 0.0436284769103
13:06:40 1224 0.0398245784314 0.0437248972334
13:06:41 1354 0.0398828781388 0.0440585445254
13:06:42 1631 0.0387668313918 0.0440164037678
13:06:43 845 0.0391596402367 0.0431922589685
13:06:44 608 0.317841555921 0.0420879394538
13:06:45 496 0.035041516129 0.0680618978853
13:06:46 1134 0.0409438051146 0.0655313422357
13:06:47 1439 0.0393295753996 0.0660653228467
13:06:48 517 0.0387945222437 0.0663181767014
13:06:49 438 0.246111465753 0.0667615250138
13:06:50 566 0.0339876501767 0.087569636876
13:06:51 0  0.0339876501767 0.087569636876
13:06:52 0  0.0339876501767 0.087569636876
13:06:53 0  0.0339876501767 0.087569636876
13:06:54 0  0.0339876501767 0.087569636876
13:06:55 0  0.0339876501767 0.087569636876
13:06:56 0  0.0339876501767 0.087569636876
13:06:57 0  0.0339876501767 0.087569636876
13:06:58 0  0.0339876501767 0.087569636876
13:06:59 0  0.0339876501767 0.087569636876
13:07:00 0  0.0339876501767 0.087569636876
13:07:01 0  0.0339876501767 0.087569636876
13:07:02 0  0.0339876501767 0.087569636876
13:07:03 0  0.0339876501767 0.087569636876
13:07:04 542 0.0324795055351 0.0869859440505
13:07:05 462 0.0344405995671 0.0862456067902
13:07:06 0  0.0344405995671 0.0862456067902
13:07:07 0  0.0344405995671 0.0862456067902
13:07:08 0  0.0344405995671 0.0862456067902
13:07:09 0  0.0344405995671 0.0862456067902
13:07:10 0  0.0344405995671 0.0862456067902
13:07:11 0  0.0344405995671 0.0862456067902
13:07:12 0  0.0344405995671 0.0862456067902
13:07:13 0  0.0344405995671 0.0862456067902
13:07:14 0  0.0344405995671 0.0862456067902
13:07:15 606 0.0349201782178 0.0858129836077
13:07:16 830 0.0362331180723 0.0853890374058
13:07:17 1574 0.0404944135959 0.0572281936209
13:07:18 1154 0.0358148240901 0.0577734833676
13:07:19 852 0.038195778169 0.0572605852652
13:07:20 1004 0.041641250996 0.0571472055421
13:07:21 0  0.041641250996 0.0571472055421
13:07:22 656 0.0481125625 0.0574318784173
13:07:23 814 0.0476044766585 0.037631988092
13:07:24 1309 0.0399817547746 0.0389936707402
13:07:25 229 0.0474969344978 0.0397438956641
13:07:26 0  0.0474969344978 0.0397438956641
13:07:27 0  0.0474969344978 0.0397438956641
13:07:28 0  0.0474969344978 0.0397438956641
13:07:29 106 0.0391231603774 0.0410495291572
13:07:30 1084 0.0417158108856 0.0414698273732
13:07:31 934 0.0408902773019 0.0420180966545
13:07:32 974 0.0569775882957 0.0420576830251
13:07:33 1286 0.0442542153966 0.0441739594457
13:07:34 961 0.0348154859521 0.0447798031684
13:07:35 673 0.037022102526 0.044097226664
13:07:36 1004 0.0385400318725 0.0429881806666
13:07:37 998 0.049723754509 0.042081736188
13:07:38 879 0.0440780807736 0.0430559361615
13:07:39 1093 0.0430083741995 0.042714050789
13:07:40 40 0.050068975 0.0431025721713
13:07:41 0  0.050068975 0.0431025721713
13:07:42 0  0.050068975 0.0431025721713
13:07:43 0  0.050068975 0.0431025721713
13:07:44 0  0.050068975 0.0431025721713
13:07:45 0  0.050068975 0.0431025721713
13:07:46 0  0.050068975 0.0431025721713
13:07:47 0  0.050068975 0.0431025721713
13:07:48 0  0.050068975 0.0431025721713
13:07:49 819 0.0353868791209 0.0439378885827
13:07:50 185 0.0324922216216 0.0433875487646
13:07:51 38 0.0394656578947 0.0409390120972
13:07:52 1173 0.039234630861 0.040460156347
13:07:53 1273 0.0423447714061 0.0409020708379
13:07:54 526 0.0437260703422 0.0414343377259
13:07:55 560 0.0407814107143 0.0419529415729
13:07:56 1110 0.0432453261261 0.0410587071934
13:07:57 1340 0.0409065358209 0.0409754317286
13:07:58 917 0.0441622366412 0.0407652478908
13:07:59 1073 0.0459207381174 0.0401745740549
13:08:00 16 0.0648995625 0.0412279599546
13:08:01 0  0.0648995625 0.0412279599546
13:08:02 0  0.0648995625 0.0412279599546
13:08:03 0  0.0648995625 0.0412279599546
13:08:04 0  0.0648995625 0.0412279599546
13:08:05 0  0.0648995625 0.0412279599546
13:08:06 0  0.0648995625 0.0412279599546
13:08:07 0  0.0648995625 0.0412279599546
13:08:08 0  0.0648995625 0.0412279599546
13:08:09 0  0.0648995625 0.0412279599546
13:08:10 0  0.0648995625 0.0412279599546
13:08:11 0  0.0648995625 0.0412279599546
13:08:12 321 0.0390471806854 0.0444686940424
13:08:13 683 0.0374386471449 0.0444268463215
13:08:14 1203 0.039328361596 0.0442472479499
13:08:15 1491 0.0421859208585 0.0439456069688
13:08:16 1115 0.0438234313901 0.0437915920205
13:08:17 1239 0.0434011533495 0.0440957940881
13:08:18 970 0.0417977371134 0.0441113768104
13:08:19 0  0.0417977371134 0.0441113768104
13:08:20 0  0.0417977371134 0.0441113768104
13:08:21 0  0.0417977371134 0.0441113768104
13:08:22 0  0.0417977371134 0.0441113768104
13:08:23 14 0.0364046428571 0.0442004969396
13:08:24 990 0.0369093787879 0.0434247375612
13:08:25 0  0.0369093787879 0.0434247375612
13:08:26 0  0.0369093787879 0.0434247375612
13:08:27 0  0.0369093787879 0.0434247375612
13:08:28 687 0.0360643697234 0.0425236016283
13:08:29 317 0.0355529369085 0.0396400823506
13:08:30 0  0.0355529369085 0.0396400823506
13:08:31 0  0.0355529369085 0.0396400823506
13:08:32 0  0.0355529369085 0.0396400823506
13:08:33 0  0.0355529369085 0.0396400823506
13:08:34 0  0.0355529369085 0.0396400823506
13:08:35 1052 0.0489554125475 0.0392906579729
13:08:36 1382 0.0453066476122 0.0404423345132
13:08:37 574 0.0417993205575 0.0410401631148
13:08:38 1316 0.0378247803951 0.0410015030847
13:08:39 690 0.0416000637681 0.0404016379852
13:08:40 0  0.0416000637681 0.0404016379852
13:08:41 307 0.0540251172638 0.0402215290271
13:08:42 1198 0.0522995041736 0.0414442670421
13:08:43 501 0.0455786367265 0.0430337531738
13:08:44 0  0.0455786367265 0.0430337531738
13:08:45 0  0.0455786367265 0.0430337531738
13:08:46 0  0.0455786367265 0.0430337531738
13:08:47 0  0.0455786367265 0.0430337531738
13:08:48 0  0.0455786367265 0.0430337531738
13:08:49 0  0.0455786367265 0.0430337531738
13:08:50 0  0.0455786367265 0.0430337531738
13:08:51 0  0.0455786367265 0.0430337531738
13:08:52 0  0.0455786367265 0.0430337531738
13:08:53 431 0.0360711925754 0.0439006789676
13:08:54 573 0.0517500191972 0.0439013612528
13:08:55 0  0.0517500191972 0.0439013612528
13:08:56 0  0.0517500191972 0.0439013612528
13:08:57 0  0.0517500191972 0.0439013612528
13:08:58 0  0.0517500191972 0.0439013612528
13:08:59 0  0.0517500191972 0.0439013612528
13:09:00 0  0.0517500191972 0.0439013612528
13:09:01 0  0.0517500191972 0.0439013612528
13:09:02 0  0.0517500191972 0.0439013612528
13:09:03 0  0.0517500191972 0.0439013612528
13:09:04 0  0.0517500191972 0.0439013612528
13:09:05 0  0.0517500191972 0.0439013612528
13:09:06 0  0.0517500191972 0.0439013612528
13:09:07 0  0.0517500191972 0.0439013612528
13:09:08 0  0.0517500191972 0.0439013612528
13:09:09 0  0.0517500191972 0.0439013612528
13:09:10 0  0.0517500191972 0.0439013612528
13:09:11 0  0.0517500191972 0.0439013612528
13:09:12 0  0.0517500191972 0.0439013612528
13:09:13 0  0.0517500191972 0.0439013612528
13:09:14 0  0.0517500191972 0.0439013612528
13:09:15 0  0.0517500191972 0.0439013612528
13:09:16 586 0.0552226569966 0.0455210694817
13:09:17 418 0.0602499449761 0.0461477939266
13:09:18 966 0.0387380942029 0.047642123663
13:09:19 1008 0.0547913194444 0.0473360010275
13:09:20 1036 0.0605371167954 0.0490326549325
13:09:21 1004 0.0378613854582 0.0509263602352
13:09:22 972 0.0568672602881 0.0493099870546
13:09:23 948 0.04325582173 0.0497667626661
13:09:24 88 0.0341868181818 0.0495344811664
13:09:25 0  0.0341868181818 0.0495344811664
13:09:26 0  0.0341868181818 0.0495344811664
13:09:27 0  0.0341868181818 0.0495344811664
13:09:28 0  0.0341868181818 0.0495344811664
13:09:29 0  0.0341868181818 0.0495344811664
13:09:30 0  0.0341868181818 0.0495344811664
13:09:31 0  0.0341868181818 0.0495344811664
13:09:32 0  0.0341868181818 0.0495344811664
13:09:33 0  0.0341868181818 0.0495344811664
13:09:34 0  0.0341868181818 0.0495344811664
13:09:35 0  0.0341868181818 0.0495344811664
13:09:36 0  0.0341868181818 0.0495344811664
13:09:37 0  0.0341868181818 0.0495344811664
13:09:38 0  0.0341868181818 0.0495344811664
13:09:39 0  0.0341868181818 0.0495344811664
13:09:40 0  0.0341868181818 0.0495344811664
13:09:41 0  0.0341868181818 0.0495344811664
13:09:42 0  0.0341868181818 0.0495344811664
13:09:43 248 0.03675825 0.0493460437271
13:09:44 756 0.0429504907407 0.0478468668073
13:09:45 0  0.0429504907407 0.0478468668073
13:09:46 0  0.0429504907407 0.0478468668073
13:09:47 0  0.0429504907407 0.0478468668073
13:09:48 0  0.0429504907407 0.0478468668073
13:09:49 0  0.0429504907407 0.0478468668073
13:09:50 0  0.0429504907407 0.0478468668073
13:09:51 0  0.0429504907407 0.0478468668073
13:09:52 0  0.0429504907407 0.0478468668073
13:09:53 0  0.0429504907407 0.0478468668073
13:09:54 0  0.0429504907407 0.0478468668073
13:09:55 0  0.0429504907407 0.0478468668073
13:09:56 0  0.0429504907407 0.0478468668073
13:09:57 0  0.0429504907407 0.0478468668073
13:09:58 0  0.0429504907407 0.0478468668073
13:09:59 0  0.0429504907407 0.0478468668073
13:10:00 0  0.0429504907407 0.0478468668073
13:10:01 0  0.0429504907407 0.0478468668073
13:10:02 0  0.0429504907407 0.0478468668073
13:10:03 0  0.0429504907407 0.0478468668073
13:10:04 0  0.0429504907407 0.0478468668073
13:10:05 0  0.0429504907407 0.0478468668073
13:10:06 0  0.0429504907407 0.0478468668073
13:10:07 0  0.0429504907407 0.0478468668073
13:10:08 1004 0.0367813505976 0.0466196501818
13:10:09 0  0.0367813505976 0.0466196501818
13:10:10 0  0.0367813505976 0.0466196501818
13:10:11 0  0.0367813505976 0.0466196501818
13:10:12 0  0.0367813505976 0.0466196501818
13:10:13 0  0.0367813505976 0.0466196501818
13:10:14 0  0.0367813505976 0.0466196501818
13:10:15 0  0.0367813505976 0.0466196501818
13:10:16 0  0.0367813505976 0.0466196501818
13:10:17 0  0.0367813505976 0.0466196501818
13:10:18 0  0.0367813505976 0.0466196501818
13:10:19 0  0.0367813505976 0.0466196501818
13:10:20 0  0.0367813505976 0.0466196501818
13:10:21 0  0.0367813505976 0.0466196501818
13:10:22 0  0.0367813505976 0.0466196501818
13:10:23 0  0.0367813505976 0.0466196501818
13:10:24 0  0.0367813505976 0.0466196501818
13:10:25 0  0.0367813505976 0.0466196501818
13:10:26 0  0.0367813505976 0.0466196501818
13:10:27 0  0.0367813505976 0.0466196501818
13:10:28 0  0.0367813505976 0.0466196501818
13:10:29 0  0.0367813505976 0.0466196501818
13:10:30 0  0.0367813505976 0.0466196501818
13:10:31 0  0.0367813505976 0.0466196501818
13:10:32 0  0.0367813505976 0.0466196501818
13:10:33 0  0.0367813505976 0.0466196501818
13:10:34 0  0.0367813505976 0.0466196501818
13:10:35 0  0.0367813505976 0.0466196501818
13:10:36 0  0.0367813505976 0.0466196501818
13:10:37 0  0.0367813505976 0.0466196501818
13:10:38 0  0.0367813505976 0.0466196501818
13:10:39 0  0.0367813505976 0.0466196501818
13:10:40 0  0.0367813505976 0.0466196501818
13:10:41 0  0.0367813505976 0.0466196501818
13:10:42 0  0.0367813505976 0.0466196501818
13:10:43 0  0.0367813505976 0.0466196501818
13:10:44 0  0.0367813505976 0.0466196501818
13:10:45 0  0.0367813505976 0.0466196501818
13:10:46 0  0.0367813505976 0.0466196501818
13:10:47 0  0.0367813505976 0.0466196501818
13:10:48 0  0.0367813505976 0.0466196501818
13:10:49 0  0.0367813505976 0.0466196501818
13:10:50 0  0.0367813505976 0.0466196501818
13:10:51 0  0.0367813505976 0.0466196501818
13:10:52 0  0.0367813505976 0.0466196501818
13:10:53 0  0.0367813505976 0.0466196501818
13:10:54 0  0.0367813505976 0.0466196501818
13:10:55 0  0.0367813505976 0.0466196501818
13:10:56 0  0.0367813505976 0.0466196501818
13:10:57 0  0.0367813505976 0.0466196501818
13:10:58 0  0.0367813505976 0.0466196501818
13:10:59 0  0.0367813505976 0.0466196501818
13:11:00 0  0.0367813505976 0.0466196501818
13:11:01 0  0.0367813505976 0.0466196501818
13:11:02 0  0.0367813505976 0.0466196501818
13:11:03 0  0.0367813505976 0.0466196501818
13:11:04 0  0.0367813505976 0.0466196501818
13:11:05 0  0.0367813505976 0.0466196501818
13:11:06 0  0.0367813505976 0.0466196501818
13:11:07 0  0.0367813505976 0.0466196501818
13:11:08 0  0.0367813505976 0.0466196501818
13:11:09 0  0.0367813505976 0.0466196501818
13:11:10 0  0.0367813505976 0.0466196501818
13:11:11 0  0.0367813505976 0.0466196501818
13:11:12 0  0.0367813505976 0.0466196501818
13:11:13 0  0.0367813505976 0.0466196501818
13:11:14 0  0.0367813505976 0.0466196501818
13:11:15 0  0.0367813505976 0.0466196501818
13:11:16 0  0.0367813505976 0.0466196501818
13:11:17 0  0.0367813505976 0.0466196501818
13:11:18 0  0.0367813505976 0.0466196501818
13:11:19 0  0.0367813505976 0.0466196501818
13:11:20 0  0.0367813505976 0.0466196501818
13:11:21 0  0.0367813505976 0.0466196501818
13:11:22 0  0.0367813505976 0.0466196501818
13:11:23 0  0.0367813505976 0.0466196501818
13:11:24 0  0.0367813505976 0.0466196501818
13:11:25 0  0.0367813505976 0.0466196501818
13:11:26 0  0.0367813505976 0.0466196501818
13:11:27 0  0.0367813505976 0.0466196501818
13:11:28 0  0.0367813505976 0.0466196501818
13:11:29 0  0.0367813505976 0.0466196501818
13:11:30 0  0.0367813505976 0.0466196501818
13:11:31 0  0.0367813505976 0.0466196501818
13:11:32 0  0.0367813505976 0.0466196501818
13:11:33 0  0.0367813505976 0.0466196501818
13:11:34 0  0.0367813505976 0.0466196501818
13:11:35 0  0.0367813505976 0.0466196501818
13:11:36 0  0.0367813505976 0.0466196501818
13:11:37 0  0.0367813505976 0.0466196501818
13:11:38 0  0.0367813505976 0.0466196501818
13:11:39 0  0.0367813505976 0.0466196501818
13:11:40 0  0.0367813505976 0.0466196501818
13:11:41 0  0.0367813505976 0.0466196501818
13:11:42 0  0.0367813505976 0.0466196501818
13:11:43 0  0.0367813505976 0.0466196501818
13:11:44 0  0.0367813505976 0.0466196501818
13:11:45 0  0.0367813505976 0.0466196501818
13:11:46 0  0.0367813505976 0.0466196501818
13:11:47 0  0.0367813505976 0.0466196501818
13:11:48 0  0.0367813505976 0.0466196501818
13:11:49 0  0.0367813505976 0.0466196501818
13:11:50 0  0.0367813505976 0.0466196501818
13:11:51 0  0.0367813505976 0.0466196501818
13:11:52 0  0.0367813505976 0.0466196501818
13:11:53 0  0.0367813505976 0.0466196501818
13:11:54 0  0.0367813505976 0.0466196501818
13:11:55 647 0.0343962859351 0.0442727907439
13:11:56 1359 0.0389449411332 0.0438386099171
13:11:57 0  0.0389449411332 0.0438386099171
13:11:58 1208 0.0367400405629 0.042253972086
13:11:59 1311 0.0348114569031 0.0398742644628
13:12:00 1493 0.0379904909578 0.0395692716073
13:12:01 352 0.0468855142045 0.0376815946742
13:12:02 1308 0.0469374396024 0.0380445639217
13:12:03 262 0.0532187137405 0.0393196260637
13:12:04 84 0.0361647142857 0.0409656724378
13:12:05 0  0.0361647142857 0.0409656724378
13:12:06 0  0.0361647142857 0.0409656724378
13:12:07 0  0.0361647142857 0.0409656724378
13:12:08 0  0.0361647142857 0.0409656724378
13:12:09 0  0.0361647142857 0.0409656724378
13:12:10 0  0.0361647142857 0.0409656724378
13:12:11 0  0.0361647142857 0.0409656724378
13:12:12 0  0.0361647142857 0.0409656724378
13:12:13 0  0.0361647142857 0.0409656724378
13:12:14 0  0.0361647142857 0.0409656724378
13:12:15 0  0.0361647142857 0.0409656724378
13:12:16 0  0.0361647142857 0.0409656724378
13:12:17 0  0.0361647142857 0.0409656724378
13:12:18 0  0.0361647142857 0.0409656724378
13:12:19 0  0.0361647142857 0.0409656724378
13:12:20 0  0.0361647142857 0.0409656724378
13:12:21 0  0.0361647142857 0.0409656724378
13:12:22 0  0.0361647142857 0.0409656724378
13:12:23 0  0.0361647142857 0.0409656724378
13:12:24 0  0.0361647142857 0.0409656724378
13:12:25 0  0.0361647142857 0.0409656724378
13:12:26 0  0.0361647142857 0.0409656724378
13:12:27 0  0.0361647142857 0.0409656724378
13:12:28 0  0.0361647142857 0.0409656724378
13:12:29 0  0.0361647142857 0.0409656724378
13:12:30 0  0.0361647142857 0.0409656724378
13:12:31 0  0.0361647142857 0.0409656724378
13:12:32 0  0.0361647142857 0.0409656724378
13:12:33 0  0.0361647142857 0.0409656724378
13:12:34 0  0.0361647142857 0.0409656724378
13:12:35 0  0.0361647142857 0.0409656724378
13:12:36 0  0.0361647142857 0.0409656724378
13:12:37 0  0.0361647142857 0.0409656724378
13:12:38 0  0.0361647142857 0.0409656724378
13:12:39 0  0.0361647142857 0.0409656724378
13:12:40 0  0.0361647142857 0.0409656724378
13:12:41 0  0.0361647142857 0.0409656724378
13:12:42 0  0.0361647142857 0.0409656724378
13:12:43 0  0.0361647142857 0.0409656724378
13:12:44 0  0.0361647142857 0.0409656724378
13:12:45 0  0.0361647142857 0.0409656724378
13:12:46 0  0.0361647142857 0.0409656724378
13:12:47 0  0.0361647142857 0.0409656724378
13:12:48 0  0.0361647142857 0.0409656724378
13:12:49 0  0.0361647142857 0.0409656724378
13:12:50 0  0.0361647142857 0.0409656724378
13:12:51 0  0.0361647142857 0.0409656724378
13:12:52 0  0.0361647142857 0.0409656724378
13:12:53 0  0.0361647142857 0.0409656724378
13:12:54 0  0.0361647142857 0.0409656724378
13:12:55 0  0.0361647142857 0.0409656724378
13:12:56 0  0.0361647142857 0.0409656724378
13:12:57 0  0.0361647142857 0.0409656724378
13:12:58 0  0.0361647142857 0.0409656724378
13:12:59 0  0.0361647142857 0.0409656724378
13:13:00 0  0.0361647142857 0.0409656724378
13:13:01 0  0.0361647142857 0.0409656724378
13:13:02 0  0.0361647142857 0.0409656724378
13:13:03 0  0.0361647142857 0.0409656724378
13:13:04 0  0.0361647142857 0.0409656724378
13:13:05 0  0.0361647142857 0.0409656724378
13:13:06 0  0.0361647142857 0.0409656724378
13:13:07 0  0.0361647142857 0.0409656724378
13:13:08 0  0.0361647142857 0.0409656724378
13:13:09 0  0.0361647142857 0.0409656724378
13:13:10 0  0.0361647142857 0.0409656724378
13:13:11 0  0.0361647142857 0.0409656724378
13:13:12 0  0.0361647142857 0.0409656724378
13:13:13 0  0.0361647142857 0.0409656724378
13:13:14 0  0.0361647142857 0.0409656724378
13:13:15 0  0.0361647142857 0.0409656724378
13:13:16 0  0.0361647142857 0.0409656724378
13:13:17 0  0.0361647142857 0.0409656724378
13:13:18 0  0.0361647142857 0.0409656724378
13:13:19 0  0.0361647142857 0.0409656724378
13:13:20 0  0.0361647142857 0.0409656724378
13:13:21 0  0.0361647142857 0.0409656724378
13:13:22 0  0.0361647142857 0.0409656724378
13:13:23 0  0.0361647142857 0.0409656724378
13:13:24 0  0.0361647142857 0.0409656724378
13:13:25 0  0.0361647142857 0.0409656724378
13:13:26 0  0.0361647142857 0.0409656724378
13:13:27 0  0.0361647142857 0.0409656724378
13:13:28 0  0.0361647142857 0.0409656724378
13:13:29 0  0.0361647142857 0.0409656724378
13:13:30 0  0.0361647142857 0.0409656724378
13:13:31 0  0.0361647142857 0.0409656724378
13:13:32 0  0.0361647142857 0.0409656724378
13:13:33 0  0.0361647142857 0.0409656724378
13:13:34 0  0.0361647142857 0.0409656724378
13:13:35 0  0.0361647142857 0.0409656724378
13:13:36 0  0.0361647142857 0.0409656724378
13:13:37 0  0.0361647142857 0.0409656724378
13:13:38 0  0.0361647142857 0.0409656724378
13:13:39 0  0.0361647142857 0.0409656724378
13:13:40 0  0.0361647142857 0.0409656724378
13:13:41 0  0.0361647142857 0.0409656724378
13:13:42 0  0.0361647142857 0.0409656724378
13:13:43 0  0.0361647142857 0.0409656724378
13:13:44 0  0.0361647142857 0.0409656724378
13:13:45 0  0.0361647142857 0.0409656724378
13:13:46 0  0.0361647142857 0.0409656724378
13:13:47 0  0.0361647142857 0.0409656724378
13:13:48 0  0.0361647142857 0.0409656724378
13:13:49 0  0.0361647142857 0.0409656724378
13:13:50 0  0.0361647142857 0.0409656724378
13:13:51 0  0.0361647142857 0.0409656724378
13:13:52 0  0.0361647142857 0.0409656724378
13:13:53 0  0.0361647142857 0.0409656724378
13:13:54 0  0.0361647142857 0.0409656724378
13:13:55 0  0.0361647142857 0.0409656724378
13:13:56 0  0.0361647142857 0.0409656724378
13:13:57 0  0.0361647142857 0.0409656724378
13:13:58 0  0.0361647142857 0.0409656724378
13:13:59 0  0.0361647142857 0.0409656724378
13:14:00 0  0.0361647142857 0.0409656724378
13:14:01 0  0.0361647142857 0.0409656724378
13:14:02 0  0.0361647142857 0.0409656724378
13:14:03 0  0.0361647142857 0.0409656724378
13:14:04 0  0.0361647142857 0.0409656724378
13:14:05 0  0.0361647142857 0.0409656724378
13:14:06 0  0.0361647142857 0.0409656724378
13:14:07 0  0.0361647142857 0.0409656724378
13:14:08 0  0.0361647142857 0.0409656724378
13:14:09 0  0.0361647142857 0.0409656724378
13:14:10 0  0.0361647142857 0.0409656724378
13:14:11 0  0.0361647142857 0.0409656724378
13:14:12 0  0.0361647142857 0.0409656724378
13:14:13 0  0.0361647142857 0.0409656724378
13:14:14 0  0.0361647142857 0.0409656724378
13:14:15 0  0.0361647142857 0.0409656724378
13:14:16 0  0.0361647142857 0.0409656724378
13:14:17 0  0.0361647142857 0.0409656724378
13:14:18 0  0.0361647142857 0.0409656724378
13:14:19 0  0.0361647142857 0.0409656724378
13:14:20 0  0.0361647142857 0.0409656724378
13:14:21 0  0.0361647142857 0.0409656724378
13:14:22 0  0.0361647142857 0.0409656724378
13:14:23 0  0.0361647142857 0.0409656724378
13:14:24 0  0.0361647142857 0.0409656724378
13:14:25 0  0.0361647142857 0.0409656724378
13:14:26 0  0.0361647142857 0.0409656724378
13:14:27 0  0.0361647142857 0.0409656724378
13:14:28 0  0.0361647142857 0.0409656724378
13:14:29 0  0.0361647142857 0.0409656724378
13:14:30 0  0.0361647142857 0.0409656724378
13:14:31 0  0.0361647142857 0.0409656724378
13:14:32 0  0.0361647142857 0.0409656724378
13:14:33 0  0.0361647142857 0.0409656724378
13:14:34 0  0.0361647142857 0.0409656724378
13:14:35 0  0.0361647142857 0.0409656724378
13:14:36 0  0.0361647142857 0.0409656724378
13:14:37 0  0.0361647142857 0.0409656724378
13:14:38 0  0.0361647142857 0.0409656724378
13:14:39 0  0.0361647142857 0.0409656724378
13:14:40 0  0.0361647142857 0.0409656724378
13:14:41 0  0.0361647142857 0.0409656724378
13:14:42 0  0.0361647142857 0.0409656724378
13:14:43 0  0.0361647142857 0.0409656724378
13:14:44 0  0.0361647142857 0.0409656724378
13:14:45 0  0.0361647142857 0.0409656724378
13:14:46 0  0.0361647142857 0.0409656724378
13:14:47 0  0.0361647142857 0.0409656724378
13:14:48 0  0.0361647142857 0.0409656724378
13:14:49 0  0.0361647142857 0.0409656724378
13:14:50 0  0.0361647142857 0.0409656724378
13:14:51 0  0.0361647142857 0.0409656724378
13:14:52 0  0.0361647142857 0.0409656724378
13:14:53 0  0.0361647142857 0.0409656724378
13:14:54 0  0.0361647142857 0.0409656724378
13:14:55 0  0.0361647142857 0.0409656724378
13:14:56 0  0.0361647142857 0.0409656724378
13:14:57 0  0.0361647142857 0.0409656724378
13:14:58 0  0.0361647142857 0.0409656724378
13:14:59 0  0.0361647142857 0.0409656724378
13:15:00 0  0.0361647142857 0.0409656724378
13:15:01 0  0.0361647142857 0.0409656724378
13:15:02 0  0.0361647142857 0.0409656724378
13:15:03 0  0.0361647142857 0.0409656724378
13:15:04 0  0.0361647142857 0.0409656724378
13:15:05 0  0.0361647142857 0.0409656724378
13:15:06 0  0.0361647142857 0.0409656724378
13:15:07 0  0.0361647142857 0.0409656724378
13:15:08 0  0.0361647142857 0.0409656724378
13:15:09 0  0.0361647142857 0.0409656724378
13:15:10 0  0.0361647142857 0.0409656724378
13:15:11 0  0.0361647142857 0.0409656724378
13:15:12 0  0.0361647142857 0.0409656724378
13:15:13 0  0.0361647142857 0.0409656724378
13:15:14 0  0.0361647142857 0.0409656724378
13:15:15 0  0.0361647142857 0.0409656724378
13:15:16 0  0.0361647142857 0.0409656724378
13:15:17 0  0.0361647142857 0.0409656724378
13:15:18 0  0.0361647142857 0.0409656724378
13:15:19 0  0.0361647142857 0.0409656724378
13:15:20 0  0.0361647142857 0.0409656724378
13:15:21 0  0.0361647142857 0.0409656724378
13:15:22 0  0.0361647142857 0.0409656724378
13:15:23 0  0.0361647142857 0.0409656724378
13:15:24 1004 0.0403756583665 0.0402870947923
13:15:25 0  0.0403756583665 0.0402870947923
13:15:26 1004 0.0413038715139 0.0406465255692
13:15:27 0  0.0413038715139 0.0406465255692
13:15:28 0  0.0413038715139 0.0406465255692
13:15:29 0  0.0413038715139 0.0406465255692
13:15:30 0  0.0413038715139 0.0406465255692
13:15:31 0  0.0413038715139 0.0406465255692
13:15:32 0  0.0413038715139 0.0406465255692
13:15:33 1004 0.038928814741 0.0413372841271
13:15:34 0  0.038928814741 0.0413372841271
13:15:35 0  0.038928814741 0.0413372841271
13:15:36 0  0.038928814741 0.0413372841271
13:15:37 0  0.038928814741 0.0413372841271
13:15:38 0  0.038928814741 0.0413372841271
13:15:39 0  0.038928814741 0.0413372841271
13:15:40 0  0.038928814741 0.0413372841271
13:15:41 0  0.038928814741 0.0413372841271
13:15:42 0  0.038928814741 0.0413372841271
13:15:43 0  0.038928814741 0.0413372841271
13:15:44 0  0.038928814741 0.0413372841271
13:15:45 0  0.038928814741 0.0413372841271
13:15:46 0  0.038928814741 0.0413372841271
13:15:47 0  0.038928814741 0.0413372841271
13:15:48 0  0.038928814741 0.0413372841271
13:15:49 0  0.038928814741 0.0413372841271
13:15:50 0  0.038928814741 0.0413372841271
13:15:51 0  0.038928814741 0.0413372841271
13:15:52 0  0.038928814741 0.0413372841271
13:15:53 1004 0.0351146205179 0.0413356714879
13:15:54 0  0.0351146205179 0.0413356714879
13:15:55 0  0.0351146205179 0.0413356714879
13:15:56 0  0.0351146205179 0.0413356714879
13:15:57 0  0.0351146205179 0.0413356714879
13:15:58 0  0.0351146205179 0.0413356714879
13:15:59 0  0.0351146205179 0.0413356714879
13:16:00 0  0.0351146205179 0.0413356714879
13:16:01 0  0.0351146205179 0.0413356714879
13:16:02 0  0.0351146205179 0.0413356714879
13:16:03 0  0.0351146205179 0.0413356714879
13:16:04 0  0.0351146205179 0.0413356714879
13:16:05 0  0.0351146205179 0.0413356714879
13:16:06 0  0.0351146205179 0.0413356714879
13:16:07 0  0.0351146205179 0.0413356714879
13:16:08 0  0.0351146205179 0.0413356714879
13:16:09 0  0.0351146205179 0.0413356714879
13:16:10 0  0.0351146205179 0.0413356714879
13:16:11 0  0.0351146205179 0.0413356714879
13:16:12 0  0.0351146205179 0.0413356714879
13:16:13 0  0.0351146205179 0.0413356714879
13:16:14 0  0.0351146205179 0.0413356714879
13:16:15 0  0.0351146205179 0.0413356714879
13:16:16 0  0.0351146205179 0.0413356714879
13:16:17 0  0.0351146205179 0.0413356714879
13:16:18 0  0.0351146205179 0.0413356714879
13:16:19 0  0.0351146205179 0.0413356714879
13:16:20 0  0.0351146205179 0.0413356714879
13:16:21 0  0.0351146205179 0.0413356714879
13:16:22 0  0.0351146205179 0.0413356714879
13:16:23 0  0.0351146205179 0.0413356714879
13:16:24 0  0.0351146205179 0.0413356714879
13:16:25 0  0.0351146205179 0.0413356714879
13:16:26 0  0.0351146205179 0.0413356714879
13:16:27 0  0.0351146205179 0.0413356714879
13:16:28 0  0.0351146205179 0.0413356714879
13:16:29 0  0.0351146205179 0.0413356714879
13:16:30 0  0.0351146205179 0.0413356714879
13:16:31 0  0.0351146205179 0.0413356714879
13:16:32 0  0.0351146205179 0.0413356714879
13:16:33 0  0.0351146205179 0.0413356714879
13:16:34 0  0.0351146205179 0.0413356714879
13:16:35 0  0.0351146205179 0.0413356714879
13:16:36 0  0.0351146205179 0.0413356714879
13:16:37 0  0.0351146205179 0.0413356714879
13:16:38 0  0.0351146205179 0.0413356714879
13:16:39 0  0.0351146205179 0.0413356714879
13:16:40 0  0.0351146205179 0.0413356714879
13:16:41 0  0.0351146205179 0.0413356714879
13:16:42 0  0.0351146205179 0.0413356714879
13:16:43 0  0.0351146205179 0.0413356714879
13:16:44 0  0.0351146205179 0.0413356714879
13:16:45 0  0.0351146205179 0.0413356714879
13:16:46 0  0.0351146205179 0.0413356714879
13:16:47 0  0.0351146205179 0.0413356714879
13:16:48 0  0.0351146205179 0.0413356714879
13:16:49 0  0.0351146205179 0.0413356714879
13:16:50 1004 0.0399578844622 0.0411731294834
13:16:51 0  0.0399578844622 0.0411731294834
13:16:52 0  0.0399578844622 0.0411731294834
13:16:53 0  0.0399578844622 0.0411731294834
13:16:54 0  0.0399578844622 0.0411731294834
13:16:55 0  0.0399578844622 0.0411731294834
13:16:56 0  0.0399578844622 0.0411731294834
13:16:57 0  0.0399578844622 0.0411731294834
13:16:58 0  0.0399578844622 0.0411731294834
13:16:59 190 0.0336375789474 0.0416877722393
13:17:00 814 0.0407651977887 0.0412524810382
13:17:01 0  0.0407651977887 0.0412524810382
13:17:02 0  0.0407651977887 0.0412524810382
13:17:03 0  0.0407651977887 0.0412524810382
13:17:04 0  0.0407651977887 0.0412524810382
13:17:05 0  0.0407651977887 0.0412524810382
13:17:06 0  0.0407651977887 0.0412524810382
13:17:07 0  0.0407651977887 0.0412524810382
13:17:08 0  0.0407651977887 0.0412524810382
13:17:09 0  0.0407651977887 0.0412524810382
13:17:10 0  0.0407651977887 0.0412524810382
13:17:11 0  0.0407651977887 0.0412524810382
13:17:12 0  0.0407651977887 0.0412524810382
13:17:13 0  0.0407651977887 0.0412524810382
13:17:14 0  0.0407651977887 0.0412524810382
13:17:15 0  0.0407651977887 0.0412524810382
13:17:16 0  0.0407651977887 0.0412524810382
13:17:17 0  0.0407651977887 0.0412524810382
13:17:18 0  0.0407651977887 0.0412524810382
13:17:19 0  0.0407651977887 0.0412524810382
13:17:20 0  0.0407651977887 0.0412524810382
13:17:21 0  0.0407651977887 0.0412524810382
13:17:22 0  0.0407651977887 0.0412524810382
13:17:23 0  0.0407651977887 0.0412524810382
13:17:24 0  0.0407651977887 0.0412524810382
13:17:25 0  0.0407651977887 0.0412524810382
13:17:26 0  0.0407651977887 0.0412524810382
13:17:27 0  0.0407651977887 0.0412524810382
13:17:28 0  0.0407651977887 0.0412524810382
13:17:29 0  0.0407651977887 0.0412524810382
13:17:30 0  0.0407651977887 0.0412524810382
13:17:31 0  0.0407651977887 0.0412524810382
13:17:32 0  0.0407651977887 0.0412524810382
13:17:33 0  0.0407651977887 0.0412524810382
13:17:34 0  0.0407651977887 0.0412524810382
13:17:35 0  0.0407651977887 0.0412524810382
13:17:36 0  0.0407651977887 0.0412524810382
13:17:37 0  0.0407651977887 0.0412524810382
13:17:38 0  0.0407651977887 0.0412524810382
13:17:39 0  0.0407651977887 0.0412524810382
13:17:40 0  0.0407651977887 0.0412524810382
13:17:41 0  0.0407651977887 0.0412524810382
13:17:42 0  0.0407651977887 0.0412524810382
13:17:43 0  0.0407651977887 0.0412524810382
13:17:44 0  0.0407651977887 0.0412524810382
13:17:45 0  0.0407651977887 0.0412524810382
13:17:46 0  0.0407651977887 0.0412524810382
13:17:47 0  0.0407651977887 0.0412524810382
13:17:48 0  0.0407651977887 0.0412524810382
13:17:49 0  0.0407651977887 0.0412524810382
13:17:50 0  0.0407651977887 0.0412524810382
13:17:51 0  0.0407651977887 0.0412524810382
13:17:52 0  0.0407651977887 0.0412524810382
13:17:53 0  0.0407651977887 0.0412524810382
13:17:54 0  0.0407651977887 0.0412524810382
13:17:55 0  0.0407651977887 0.0412524810382
13:17:56 0  0.0407651977887 0.0412524810382
13:17:57 0  0.0407651977887 0.0412524810382
13:17:58 0  0.0407651977887 0.0412524810382
13:17:59 0  0.0407651977887 0.0412524810382
13:18:00 0  0.0407651977887 0.0412524810382
13:18:01 786 0.0399348778626 0.0406404493966
13:18:02 218 0.0355175321101 0.0399401932226
13:18:03 0  0.0355175321101 0.0399401932226
13:18:04 0  0.0355175321101 0.0399401932226
13:18:05 0  0.0355175321101 0.0399401932226
13:18:06 0  0.0355175321101 0.0399401932226
13:18:07 0  0.0355175321101 0.0399401932226
13:18:08 0  0.0355175321101 0.0399401932226
13:18:09 0  0.0355175321101 0.0399401932226
13:18:10 0  0.0355175321101 0.0399401932226
13:18:11 0  0.0355175321101 0.0399401932226
13:18:12 0  0.0355175321101 0.0399401932226
13:18:13 0  0.0355175321101 0.0399401932226
13:18:14 0  0.0355175321101 0.0399401932226
13:18:15 0  0.0355175321101 0.0399401932226
13:18:16 0  0.0355175321101 0.0399401932226
13:18:17 0  0.0355175321101 0.0399401932226
13:18:18 0  0.0355175321101 0.0399401932226
13:18:19 0  0.0355175321101 0.0399401932226
13:18:20 0  0.0355175321101 0.0399401932226
13:18:21 0  0.0355175321101 0.0399401932226
13:18:22 0  0.0355175321101 0.0399401932226
13:18:23 0  0.0355175321101 0.0399401932226
13:18:24 0  0.0355175321101 0.0399401932226
13:18:25 0  0.0355175321101 0.0399401932226
13:18:26 0  0.0355175321101 0.0399401932226
13:18:27 0  0.0355175321101 0.0399401932226
13:18:28 0  0.0355175321101 0.0399401932226
13:18:29 0  0.0355175321101 0.0399401932226
13:18:30 0  0.0355175321101 0.0399401932226
13:18:31 0  0.0355175321101 0.0399401932226
13:18:32 0  0.0355175321101 0.0399401932226
13:18:33 0  0.0355175321101 0.0399401932226
13:18:34 896 0.0368855011161 0.0381700750596
13:18:35 108 0.0355231388889 0.0382421537426
13:18:36 0  0.0355231388889 0.0382421537426
13:18:37 0  0.0355231388889 0.0382421537426
13:18:38 0  0.0355231388889 0.0382421537426
13:18:39 0  0.0355231388889 0.0382421537426
13:18:40 0  0.0355231388889 0.0382421537426
13:18:41 0  0.0355231388889 0.0382421537426
13:18:42 84 0.0299161904762 0.0377569017949
13:18:43 920 0.035544425 0.0366181336911
13:18:44 0  0.035544425 0.0366181336911
13:18:45 0  0.035544425 0.0366181336911
13:18:46 0  0.035544425 0.0366181336911
13:18:47 0  0.035544425 0.0366181336911
13:18:48 0  0.035544425 0.0366181336911
13:18:49 0  0.035544425 0.0366181336911
13:18:50 0  0.035544425 0.0366181336911
13:18:51 0  0.035544425 0.0366181336911
13:18:52 0  0.035544425 0.0366181336911
13:18:53 0  0.035544425 0.0366181336911
13:18:54 0  0.035544425 0.0366181336911
13:18:55 0  0.035544425 0.0366181336911
13:18:56 0  0.035544425 0.0366181336911
13:18:57 0  0.035544425 0.0366181336911
13:18:58 0  0.035544425 0.0366181336911
13:18:59 0  0.035544425 0.0366181336911
13:19:00 0  0.035544425 0.0366181336911
13:19:01 0  0.035544425 0.0366181336911
13:19:02 0  0.035544425 0.0366181336911
13:19:03 0  0.035544425 0.0366181336911
13:19:04 0  0.035544425 0.0366181336911
13:19:05 0  0.035544425 0.0366181336911
13:19:06 0  0.035544425 0.0366181336911
13:19:07 0  0.035544425 0.0366181336911
13:19:08 0  0.035544425 0.0366181336911
13:19:09 0  0.035544425 0.0366181336911
13:19:10 0  0.035544425 0.0366181336911
13:19:11 0  0.035544425 0.0366181336911
13:19:12 0  0.035544425 0.0366181336911
13:19:13 0  0.035544425 0.0366181336911
13:19:14 0  0.035544425 0.0366181336911
13:19:15 0  0.035544425 0.0366181336911
13:19:16 0  0.035544425 0.0366181336911
13:19:17 0  0.035544425 0.0366181336911
13:19:18 0  0.035544425 0.0366181336911
13:19:19 0  0.035544425 0.0366181336911
13:19:20 0  0.035544425 0.0366181336911
13:19:21 0  0.035544425 0.0366181336911
13:19:22 0  0.035544425 0.0366181336911
13:19:23 0  0.035544425 0.0366181336911
13:19:24 0  0.035544425 0.0366181336911
13:19:25 0  0.035544425 0.0366181336911
13:19:26 0  0.035544425 0.0366181336911
13:19:27 0  0.035544425 0.0366181336911
13:19:28 0  0.035544425 0.0366181336911
13:19:29 0  0.035544425 0.0366181336911
13:19:30 0  0.035544425 0.0366181336911
13:19:31 0  0.035544425 0.0366181336911
13:19:32 0  0.035544425 0.0366181336911
13:19:33 0  0.035544425 0.0366181336911
13:19:34 0  0.035544425 0.0366181336911
13:19:35 0  0.035544425 0.0366181336911
13:19:36 0  0.035544425 0.0366181336911
13:19:37 0  0.035544425 0.0366181336911
13:19:38 0  0.035544425 0.0366181336911
13:19:39 0  0.035544425 0.0366181336911
13:19:40 0  0.035544425 0.0366181336911
13:19:41 0  0.035544425 0.0366181336911
13:19:42 0  0.035544425 0.0366181336911
13:19:43 379 0.036351408971 0.036279694717
13:19:44 491 0.0340253095723 0.0364033735623
13:19:45 0  0.0340253095723 0.0364033735623
13:19:46 134 0.0384570447761 0.0358101160733
13:19:47 0  0.0384570447761 0.0358101160733
13:19:48 0  0.0384570447761 0.0358101160733
13:19:49 0  0.0384570447761 0.0358101160733
13:19:50 830 0.0391833036145 0.0362920626562
13:19:51 1178 0.0416934473684 0.0361338732388
13:19:52 1630 0.0381644006135 0.0363097301894
13:19:53 979 0.0380954596527 0.0365744170397
13:19:54 401 0.0407779177057 0.0366954128934
13:19:55 0  0.0407779177057 0.0366954128934
13:19:56 0  0.0407779177057 0.0366954128934
13:19:57 0  0.0407779177057 0.0366954128934
13:19:58 0  0.0407779177057 0.0366954128934
13:19:59 0  0.0407779177057 0.0366954128934
13:20:00 0  0.0407779177057 0.0366954128934
13:20:01 0  0.0407779177057 0.0366954128934
13:20:02 0  0.0407779177057 0.0366954128934
13:20:03 0  0.0407779177057 0.0366954128934
13:20:04 0  0.0407779177057 0.0366954128934
13:20:05 0  0.0407779177057 0.0366954128934
13:20:06 0  0.0407779177057 0.0366954128934
13:20:07 0  0.0407779177057 0.0366954128934
13:20:08 0  0.0407779177057 0.0366954128934
13:20:09 0  0.0407779177057 0.0366954128934
13:20:10 0  0.0407779177057 0.0366954128934
13:20:11 0  0.0407779177057 0.0366954128934
13:20:12 0  0.0407779177057 0.0366954128934
13:20:13 0  0.0407779177057 0.0366954128934
13:20:14 0  0.0407779177057 0.0366954128934
13:20:15 0  0.0407779177057 0.0366954128934
13:20:16 0  0.0407779177057 0.0366954128934
13:20:17 0  0.0407779177057 0.0366954128934
13:20:18 0  0.0407779177057 0.0366954128934
13:20:19 0  0.0407779177057 0.0366954128934
13:20:20 0  0.0407779177057 0.0366954128934
13:20:21 0  0.0407779177057 0.0366954128934
13:20:22 492 0.0359817601626 0.037220890775
13:20:23 512 0.0822054921875 0.0378274477437
13:20:24 0  0.0822054921875 0.0378274477437
13:20:25 0  0.0822054921875 0.0378274477437
13:20:26 0  0.0822054921875 0.0378274477437
13:20:27 0  0.0822054921875 0.0378274477437
13:20:28 0  0.0822054921875 0.0378274477437
13:20:29 0  0.0822054921875 0.0378274477437
13:20:30 0  0.0822054921875 0.0378274477437
13:20:31 0  0.0822054921875 0.0378274477437
13:20:32 0  0.0822054921875 0.0378274477437
13:20:33 0  0.0822054921875 0.0378274477437
13:20:34 0  0.0822054921875 0.0378274477437
13:20:35 0  0.0822054921875 0.0378274477437
13:20:36 0  0.0822054921875 0.0378274477437
13:20:37 0  0.0822054921875 0.0378274477437
13:20:38 0  0.0822054921875 0.0378274477437
13:20:39 0  0.0822054921875 0.0378274477437
13:20:40 508 0.0363683956693 0.0424935544624
13:20:41 783 0.0423617777778 0.0424952531323
13:20:42 0  0.0423617777778 0.0424952531323
13:20:43 0  0.0423617777778 0.0424952531323
13:20:44 717 0.034518748954 0.0433288999528
13:20:45 0  0.034518748954 0.0433288999528
13:20:46 0  0.034518748954 0.0433288999528
13:20:47 0  0.034518748954 0.0433288999528
13:20:48 0  0.034518748954 0.0433288999528
13:20:49 0  0.034518748954 0.0433288999528
13:20:50 246 0.0383525203252 0.0429350703706
13:20:51 758 0.0374564234828 0.0428519920417
13:20:52 0  0.0374564234828 0.0428519920417
13:20:53 0  0.0374564234828 0.0428519920417
13:20:54 0  0.0374564234828 0.0428519920417
13:20:55 0  0.0374564234828 0.0428519920417
13:20:56 0  0.0374564234828 0.0428519920417
13:20:57 0  0.0374564234828 0.0428519920417
13:20:58 0  0.0374564234828 0.0428519920417
13:20:59 0  0.0374564234828 0.0428519920417
13:21:00 0  0.0374564234828 0.0428519920417
13:21:01 0  0.0374564234828 0.0428519920417
13:21:02 1004 0.0396580408367 0.0424282896531
13:21:03 0  0.0396580408367 0.0424282896531
13:21:04 0  0.0396580408367 0.0424282896531
13:21:05 0  0.0396580408367 0.0424282896531
13:21:06 0  0.0396580408367 0.0424282896531
13:21:07 62 0.0381702419355 0.0425776536754
13:21:08 1510 0.0380716390728 0.0425851319037
13:21:09 249 0.0347370441767 0.0423145040404
13:21:10 235 0.0342982851064 0.0421900324418
13:21:11 1107 0.0362611743451 0.0373993117337
13:21:12 915 0.0597608349727 0.0373885896013
13:21:13 677 0.05166883161 0.0391284953208
13:21:14 930 0.0370970516129 0.0408435035864
13:21:15 1335 0.0364699670412 0.0407179567152
13:21:16 0  0.0364699670412 0.0407179567152
13:21:17 0  0.0364699670412 0.0407179567152
13:21:18 0  0.0364699670412 0.0407179567152
13:21:19 0  0.0364699670412 0.0407179567152
13:21:20 0  0.0364699670412 0.0407179567152
13:21:21 0  0.0364699670412 0.0407179567152
13:21:22 224 0.0356679910714 0.040619311071
13:21:23 780 0.0349097705128 0.0402203060945
13:21:24 0  0.0349097705128 0.0402203060945
13:21:25 0  0.0349097705128 0.0402203060945
13:21:26 0  0.0349097705128 0.0402203060945
13:21:27 1104 0.0361743460145 0.0398942589522
13:21:28 1482 0.0379481133603 0.0397045296464
13:21:29 1424 0.0401267057584 0.0400256365647
13:21:30 1018 0.0388982750491 0.0406084786299
13:21:31 1314 0.0412888721461 0.0408721887003
13:21:32 1654 0.0399024661427 0.0390249924177
13:21:33 501 0.0371346526946 0.037848355871
13:21:34 633 0.036444892575 0.0378521159791
13:21:35 155 0.0315111032258 0.0378496085325
13:21:36 0  0.0315111032258 0.0378496085325
13:21:37 1 0.055774 0.0374339197479
13:21:38 416 0.0343043076923 0.0395203426967
13:21:39 328 0.0367003658537 0.0393333388644
13:21:40 0  0.0367003658537 0.0393333388644
13:21:41 0  0.0367003658537 0.0393333388644
13:21:42 0  0.0367003658537 0.0393333388644
13:21:43 0  0.0367003658537 0.0393333388644
13:21:44 0  0.0367003658537 0.0393333388644
13:21:45 0  0.0367003658537 0.0393333388644
13:21:46 0  0.0367003658537 0.0393333388644
13:21:47 0  0.0367003658537 0.0393333388644
13:21:48 0  0.0367003658537 0.0393333388644
13:21:49 0  0.0367003658537 0.0393333388644
13:21:50 0  0.0367003658537 0.0393333388644
13:21:51 0  0.0367003658537 0.0393333388644
13:21:52 0  0.0367003658537 0.0393333388644
13:21:53 0  0.0367003658537 0.0393333388644
13:21:54 0  0.0367003658537 0.0393333388644
13:21:55 0  0.0367003658537 0.0393333388644
13:21:56 0  0.0367003658537 0.0393333388644
13:21:57 0  0.0367003658537 0.0393333388644
13:21:58 0  0.0367003658537 0.0393333388644
13:21:59 0  0.0367003658537 0.0393333388644
13:22:00 0  0.0367003658537 0.0393333388644
13:22:01 0  0.0367003658537 0.0393333388644
13:22:02 0  0.0367003658537 0.0393333388644
13:22:03 0  0.0367003658537 0.0393333388644
13:22:04 0  0.0367003658537 0.0393333388644
13:22:05 0  0.0367003658537 0.0393333388644
13:22:06 0  0.0367003658537 0.0393333388644
13:22:07 0  0.0367003658537 0.0393333388644
13:22:08 0  0.0367003658537 0.0393333388644
13:22:09 0  0.0367003658537 0.0393333388644
13:22:10 0  0.0367003658537 0.0393333388644
13:22:11 452 0.0352991570796 0.0392085641138
13:22:12 1108 0.0398451588448 0.0387258092459
13:22:13 1128 0.0386455842199 0.0388204976255
13:22:14 398 0.0352385728643 0.0385561688328
13:22:15 1531 0.0421601848465 0.038089779505
13:22:16 901 0.0398624994451 0.0385923327202
13:22:17 1036 0.40205684749 0.0389340934072
13:22:18 580 0.0371583913793 0.0759886678336
13:22:19 156 0.0354262307692 0.0741271069716
13:22:20 190 0.0349400789474 0.0742392992793
13:22:21 112 4.29643107143 0.0740632705886
13:22:22 277 0.0335229494585 0.500176462024
13:22:23 146 0.0344776027397 0.499544241085
13:22:24 15 0.0279170666667 0.499127442937
13:22:25 0  0.0279170666667 0.499127442937
13:22:26 0  0.0279170666667 0.499127442937
13:22:27 0  0.0279170666667 0.499127442937
13:22:28 0  0.0279170666667 0.499127442937
13:22:29 0  0.0279170666667 0.499127442937
13:22:30 0  0.0279170666667 0.499127442937
13:22:31 0  0.0279170666667 0.499127442937
13:22:32 0  0.0279170666667 0.499127442937
13:22:33 0  0.0279170666667 0.499127442937
13:22:34 0  0.0279170666667 0.499127442937
13:22:35 0  0.0279170666667 0.499127442937
13:22:36 0  0.0279170666667 0.499127442937
13:22:37 0  0.0279170666667 0.499127442937
13:22:38 0  0.0279170666667 0.499127442937
13:22:39 0  0.0279170666667 0.499127442937
13:22:40 0  0.0279170666667 0.499127442937
13:22:41 0  0.0279170666667 0.499127442937
13:22:42 0  0.0279170666667 0.499127442937
13:22:43 0  0.0279170666667 0.499127442937
13:22:44 0  0.0279170666667 0.499127442937
13:22:45 0  0.0279170666667 0.499127442937
13:22:46 0  0.0279170666667 0.499127442937
13:22:47 174 0.040599137931 0.498395292317
13:22:48 1097 0.0386510464904 0.498239187626
13:22:49 737 0.040325238806 0.49811804233
13:22:50 0  0.040325238806 0.49811804233
13:22:51 0  0.040325238806 0.49811804233
13:22:52 1004 0.0401055099602 0.461944881462
13:22:53 1356 0.0489111489676 0.46223959332
13:22:54 650 0.0357896169231 0.46358808514
13:22:55 0  0.0357896169231 0.46358808514
13:22:56 964 0.0388239450207 0.463673038937
13:22:57 1172 0.0385761808874 0.0379123262964
13:22:58 1135 0.043674645815 0.0384176494393
13:22:59 741 0.0362185438596 0.0393373537468
13:23:00 0  0.0362185438596 0.0393373537468
13:23:01 0  0.0362185438596 0.0393373537468
13:23:02 0  0.0362185438596 0.0393373537468
13:23:03 0  0.0362185438596 0.0393373537468
13:23:04 0  0.0362185438596 0.0393373537468
13:23:05 0  0.0362185438596 0.0393373537468
13:23:06 0  0.0362185438596 0.0393373537468
13:23:07 0  0.0362185438596 0.0393373537468
13:23:08 0  0.0362185438596 0.0393373537468
13:23:09 551 0.0367227785844 0.0401675014661
13:23:10 453 0.0345393222958 0.0397798655314
13:23:11 0  0.0345393222958 0.0397798655314
13:23:12 0  0.0345393222958 0.0397798655314
13:23:13 0  0.0345393222958 0.0397798655314
13:23:14 0  0.0345393222958 0.0397798655314
13:23:15 0  0.0345393222958 0.0397798655314
13:23:16 0  0.0345393222958 0.0397798655314
13:23:17 0  0.0345393222958 0.0397798655314
13:23:18 0  0.0345393222958 0.0397798655314
13:23:19 0  0.0345393222958 0.0397798655314
13:23:20 0  0.0345393222958 0.0397798655314
13:23:21 0  0.0345393222958 0.0397798655314
13:23:22 0  0.0345393222958 0.0397798655314
13:23:23 1283 0.0874284388153 0.039368693112
13:23:24 1267 0.0431843385951 0.0440790131129
13:23:25 1334 0.0416290794603 0.0443868959764
13:23:26 1339 0.0414707774459 0.0436586890257
13:23:27 1099 0.0442087697907 0.0442268050779
13:23:28 1410 0.0381446262411 0.0447652875549
13:23:29 294 0.0364735612245 0.0447221320903
13:23:30 0  0.0364735612245 0.0447221320903
13:23:31 1569 0.0385751255577 0.0440020236313
13:23:32 1277 0.0413762012529 0.0442376818011
13:23:33 812 0.0393761527094 0.0447030240679
13:23:34 1358 0.0358790294551 0.0451867071093
13:23:35 0  0.0358790294551 0.0451867071093
13:23:36 0  0.0358790294551 0.0451867071093
13:23:37 0  0.0358790294551 0.0451867071093
13:23:38 0  0.0358790294551 0.0451867071093
13:23:39 0  0.0358790294551 0.0451867071093
13:23:40 0  0.0358790294551 0.0451867071093
13:23:41 0  0.0358790294551 0.0451867071093
13:23:42 0  0.0358790294551 0.0451867071093
13:23:43 0  0.0358790294551 0.0451867071093
13:23:44 0  0.0358790294551 0.0451867071093
13:23:45 0  0.0358790294551 0.0451867071093
13:23:46 0  0.0358790294551 0.0451867071093
13:23:47 0  0.0358790294551 0.0451867071093
13:23:48 0  0.0358790294551 0.0451867071093
13:23:49 0  0.0358790294551 0.0451867071093
13:23:50 0  0.0358790294551 0.0451867071093
13:23:51 0  0.0358790294551 0.0451867071093
13:23:52 0  0.0358790294551 0.0451867071093
13:23:53 0  0.0358790294551 0.0451867071093
13:23:54 0  0.0358790294551 0.0451867071093
13:23:55 0  0.0358790294551 0.0451867071093
13:23:56 0  0.0358790294551 0.0451867071093
13:23:57 0  0.0358790294551 0.0451867071093
13:23:58 0  0.0358790294551 0.0451867071093
13:23:59 0  0.0358790294551 0.0451867071093
13:24:00 0  0.0358790294551 0.0451867071093
13:24:01 0  0.0358790294551 0.0451867071093
13:24:02 0  0.0358790294551 0.0451867071093
13:24:03 0  0.0358790294551 0.0451867071093
13:24:04 0  0.0358790294551 0.0451867071093
13:24:05 0  0.0358790294551 0.0451867071093
13:24:06 0  0.0358790294551 0.0451867071093
13:24:07 0  0.0358790294551 0.0451867071093
13:24:08 0  0.0358790294551 0.0451867071093
13:24:09 0  0.0358790294551 0.0451867071093
13:24:10 1004 0.0354041812749 0.0400317661733
13:24:11 0  0.0354041812749 0.0400317661733
13:24:12 0  0.0354041812749 0.0400317661733
13:24:13 202 0.0355313118812 0.0392537504412
13:24:14 802 0.0382104688279 0.0386439736833
13:24:15 1355 0.0361827926199 0.0383179428215
13:24:16 653 0.0354760321593 0.0375153451045
13:24:17 0  0.0354760321593 0.0375153451045
13:24:18 0  0.0354760321593 0.0375153451045
13:24:19 794 0.034812231738 0.0372484856963
13:24:20 210 0.0365524428571 0.0370823527476
13:24:21 0  0.0365524428571 0.0370823527476
13:24:22 0  0.0365524428571 0.0370823527476
13:24:23 0  0.0365524428571 0.0370823527476
13:24:24 0  0.0365524428571 0.0370823527476
13:24:25 114 0.0351627192982 0.0368800844776
13:24:26 926 0.0442445799136 0.0362587362821
13:24:27 1079 0.0345663985171 0.0367455790025
13:24:28 893 0.0364345823068 0.0366143159087
13:24:29 0  0.0364345823068 0.0366143159087
13:24:30 0  0.0364345823068 0.0366143159087
13:24:31 225 0.0325591377778 0.0367173560119
13:24:32 1 0.084787 0.0364201386016
13:24:33 169 0.036194591716 0.0410777917188
13:24:34 82 0.0289017439024 0.0410789716284
13:24:35 203 0.0338770394089 0.0404215428027
13:24:36 65 0.0289956307692 0.0403280235698
13:24:37 0  0.0289956307692 0.0403280235698
13:24:38 0  0.0289956307692 0.0403280235698
13:24:39 1261 0.0350150190325 0.039572342361
13:24:40 0  0.0350150190325 0.039572342361
13:24:41 404 0.0376883118812 0.0395575723344
13:24:42 600 0.0360456216667 0.0389019455312
13:24:43 0  0.0360456216667 0.0389019455312
13:24:44 420 0.0409224404762 0.0390498678461
13:24:45 1190 0.0416230588235 0.0394986536631
13:24:46 1286 0.0435002869362 0.0404050457677
13:24:47 1254 0.039316460925 0.0362763744613
13:24:48 1072 0.0432113824627 0.0365885613822
13:24:49 1462 0.0367407948016 0.0380195252382
13:24:50 342 0.0355705497076 0.0383059007775
13:24:51 0  0.0355705497076 0.0383059007775
13:24:52 0  0.0355705497076 0.0383059007775
13:24:53 0  0.0355705497076 0.0383059007775
13:24:54 0  0.0355705497076 0.0383059007775
13:24:55 0  0.0355705497076 0.0383059007775
13:24:56 0  0.0355705497076 0.0383059007775
13:24:57 0  0.0355705497076 0.0383059007775
13:24:58 0  0.0355705497076 0.0383059007775
13:24:59 0  0.0355705497076 0.0383059007775
13:25:00 0  0.0355705497076 0.0383059007775
13:25:01 0  0.0355705497076 0.0383059007775
13:25:02 0  0.0355705497076 0.0383059007775
13:25:03 0  0.0355705497076 0.0383059007775
13:25:04 0  0.0355705497076 0.0383059007775
13:25:05 0  0.0355705497076 0.0383059007775
13:25:06 0  0.0355705497076 0.0383059007775
13:25:07 0  0.0355705497076 0.0383059007775
13:25:08 718 0.0367081462396 0.0389633926713
13:25:09 286 0.0352168881119 0.039132705392
13:25:10 0  0.0352168881119 0.039132705392
13:25:11 0  0.0352168881119 0.039132705392
13:25:12 0  0.0352168881119 0.039132705392
13:25:13 0  0.0352168881119 0.039132705392
13:25:14 0  0.0352168881119 0.039132705392
13:25:15 0  0.0352168881119 0.039132705392
13:25:16 0  0.0352168881119 0.039132705392
13:25:17 53 0.0374753773585 0.0388855630151
13:25:18 1297 0.0353600300694 0.0390285385843
13:25:19 1637 0.0363465125229 0.0384722975436
13:25:20 700 0.0383617457143 0.0379446429135
13:25:21 0  0.0383617457143 0.0379446429135
13:25:22 327 0.0352197217125 0.0374307887913
13:25:23 1004 0.0384890737052 0.0370211148701
13:25:24 1004 0.0374115956175 0.0365488839943
13:25:25 0  0.0374115956175 0.0365488839943
13:25:26 0  0.0374115956175 0.0365488839943
13:25:27 164 0.0359337987805 0.0366159640759
13:25:28 840 0.0353647428571 0.0366522889832
13:25:29 0  0.0353647428571 0.0366522889832
13:25:30 0  0.0353647428571 0.0366522889832
13:25:31 0  0.0353647428571 0.0366522889832
13:25:32 630 0.0340537460317 0.036517948645
13:25:33 374 0.0358758449198 0.036401634437
13:25:34 0  0.0358758449198 0.036401634437
13:25:35 0  0.0358758449198 0.036401634437
13:25:36 0  0.0358758449198 0.036401634437
13:25:37 0  0.0358758449198 0.036401634437
13:25:38 0  0.0358758449198 0.036401634437
13:25:39 0  0.0358758449198 0.036401634437
13:25:40 0  0.0358758449198 0.036401634437
13:25:41 0  0.0358758449198 0.036401634437
13:25:42 0  0.0358758449198 0.036401634437
13:25:43 0  0.0358758449198 0.036401634437
13:25:44 0  0.0358758449198 0.036401634437
13:25:45 0  0.0358758449198 0.036401634437
13:25:46 0  0.0358758449198 0.036401634437
13:25:47 0  0.0358758449198 0.036401634437
13:25:48 0  0.0358758449198 0.036401634437
13:25:49 0  0.0358758449198 0.036401634437
13:25:50 0  0.0358758449198 0.036401634437
13:25:51 0  0.0358758449198 0.036401634437
13:25:52 0  0.0358758449198 0.036401634437
13:25:53 0  0.0358758449198 0.036401634437
13:25:54 220 0.03382155 0.0362416811931
13:25:55 934 0.0350906841542 0.0360878331862
13:25:56 854 0.0358523969555 0.0359622503493
13:25:57 1004 0.0360934830677 0.0357113154734
13:25:58 0  0.0360934830677 0.0357113154734
13:25:59 0  0.0360934830677 0.0357113154734
13:26:00 1004 0.0366578067729 0.0357986916089
13:26:01 206 0.0350432281553 0.0356155649157
13:26:02 1174 0.0426905511073 0.0353787281695
13:26:03 1496 0.0401906457219 0.0360544034022
13:26:04 921 0.0379758925081 0.0365369936886
13:26:05 217 0.0348501105991 0.0369292083363
13:26:06 0  0.0348501105991 0.0369292083363
13:26:07 0  0.0348501105991 0.0369292083363
13:26:08 0  0.0348501105991 0.0369292083363
13:26:09 0  0.0348501105991 0.0369292083363
13:26:10 0  0.0348501105991 0.0369292083363
13:26:11 634 0.0346730615142 0.0368266349042
13:26:12 370 0.0350796216216 0.0369117860556
13:26:13 0  0.0350796216216 0.0369117860556
13:26:14 78 0.0407818205128 0.0369106798024
13:26:15 377 0.0354881087533 0.0374036221581
13:26:16 33 0.0334883333333 0.0373430847267
13:26:17 516 0.0344502577519 0.0370261373827
13:26:18 0  0.0344502577519 0.0370261373827
13:26:19 0  0.0344502577519 0.0370261373827
13:26:20 0  0.0344502577519 0.0370261373827
13:26:21 0  0.0344502577519 0.0370261373827
13:26:22 883 0.0360938856172 0.0369668403424
13:26:23 1002 0.0364678303393 0.0363071737934
13:26:24 123 0.0344317723577 0.0359348922551
13:26:25 0  0.0344317723577 0.0359348922551
13:26:26 1004 0.0371601314741 0.0355804802401
13:26:27 1152 0.0421784496528 0.0358114823276
13:26:28 1562 0.0385062176697 0.0365620211414
13:26:29 296 0.0362210439189 0.0369046807462
13:26:30 0  0.0362210439189 0.0369046807462
13:26:31 0  0.0362210439189 0.0369046807462
13:26:32 0  0.0362210439189 0.0369046807462
13:26:33 0  0.0362210439189 0.0369046807462
13:26:34 0  0.0362210439189 0.0369046807462
13:26:35 0  0.0362210439189 0.0369046807462
13:26:36 0  0.0362210439189 0.0369046807462
13:26:37 0  0.0362210439189 0.0369046807462
13:26:38 744 0.0357458965054 0.0364486030868
13:26:39 64 0.02902059375 0.036474381862
13:26:40 196 0.0344730765306 0.0360276079037
13:26:41 0  0.0344730765306 0.0360276079037
13:26:42 0  0.0344730765306 0.0360276079037
13:26:43 0  0.0344730765306 0.0360276079037
13:26:44 0  0.0344730765306 0.0360276079037
13:26:45 0  0.0344730765306 0.0360276079037
13:26:46 0  0.0344730765306 0.0360276079037
13:26:47 0  0.0344730765306 0.0360276079037
13:26:48 0  0.0344730765306 0.0360276079037
13:26:49 0  0.0344730765306 0.0360276079037
13:26:50 0  0.0344730765306 0.0360276079037
13:26:51 0  0.0344730765306 0.0360276079037
13:26:52 0  0.0344730765306 0.0360276079037
13:26:53 1004 0.0350533356574 0.0360298897816
13:26:54 0  0.0350533356574 0.0360298897816
13:26:55 0  0.0350533356574 0.0360298897816
13:26:56 0  0.0350533356574 0.0360298897816
13:26:57 540 0.0359190444444 0.0359258347856
13:26:58 0  0.0359190444444 0.0359258347856
13:26:59 0  0.0359190444444 0.0359258347856
13:27:00 1270 0.034882719685 0.0358709561961
13:27:01 996 0.0398605983936 0.0359160509288
13:27:02 1206 0.0384792529022 0.0361860976208
13:27:03 1004 0.0397374292829 0.0358161779457
13:27:04 1004 0.0364558994024 0.035939299107
13:27:05 624 0.0587426041667 0.0359627846554
13:27:06 167 0.0506054850299 0.0382624554215
13:27:07 213 0.0365336807512 0.0404209445495
13:27:08 513 0.0352416803119 0.0406270049716
13:27:09 0  0.0352416803119 0.0406270049716
13:27:10 491 0.0355942260692 0.040645839437
13:27:11 0  0.0355942260692 0.040645839437
13:27:12 0  0.0355942260692 0.040645839437
13:27:13 0  0.0355942260692 0.040645839437
13:27:14 0  0.0355942260692 0.040645839437
13:27:15 0  0.0355942260692 0.040645839437
13:27:16 0  0.0355942260692 0.040645839437
13:27:17 0  0.0355942260692 0.040645839437
13:27:18 0  0.0355942260692 0.040645839437
13:27:19 1004 0.0353811115538 0.0406133575995
13:27:20 0  0.0353811115538 0.0406133575995
13:27:21 0  0.0353811115538 0.0406133575995
13:27:22 0  0.0353811115538 0.0406133575995
13:27:23 0  0.0353811115538 0.0406133575995
13:27:24 0  0.0353811115538 0.0406133575995
13:27:25 0  0.0353811115538 0.0406133575995
13:27:26 0  0.0353811115538 0.0406133575995
13:27:27 0  0.0353811115538 0.0406133575995
13:27:28 0  0.0353811115538 0.0406133575995
13:27:29 0  0.0353811115538 0.0406133575995
13:27:30 0  0.0353811115538 0.0406133575995
13:27:31 0  0.0353811115538 0.0406133575995
13:27:32 1004 0.034803126494 0.0406631967864
13:27:33 0  0.034803126494 0.0406631967864
13:27:34 0  0.034803126494 0.0406631967864
13:27:35 1475 0.0370597742373 0.0401574495964
13:27:36 904 0.058244800885 0.0400155017299
13:27:37 1009 0.0544934281467 0.0418662388901
13:27:38 1106 0.0554780542495 0.0436699917646
13:27:39 885 0.041461480226 0.0433435367729
13:27:40 499 0.034035002004 0.0424291362925
13:27:41 140 0.0353516285714 0.0421792684177
13:27:42 0  0.0353516285714 0.0421792684177
13:27:43 0  0.0353516285714 0.0421792684177
13:27:44 0  0.0353516285714 0.0421792684177
13:27:45 0  0.0353516285714 0.0421792684177
13:27:46 0  0.0353516285714 0.0421792684177
13:27:47 0  0.0353516285714 0.0421792684177
13:27:48 255 0.0354857294118 0.0421902632437
13:27:49 749 0.0353999906542 0.0421794135779
13:27:50 0  0.0353999906542 0.0421794135779
13:27:51 0  0.0353999906542 0.0421794135779
13:27:52 0  0.0353999906542 0.0421794135779
13:27:53 0  0.0353999906542 0.0421794135779
13:27:54 0  0.0353999906542 0.0421794135779
13:27:55 0  0.0353999906542 0.0421794135779
13:27:56 0  0.0353999906542 0.0421794135779
13:27:57 0  0.0353999906542 0.0421794135779
13:27:58 0  0.0353999906542 0.0421794135779
13:27:59 0  0.0353999906542 0.0421794135779
13:28:00 1523 0.0400603913329 0.042181301488
13:28:01 1129 0.0423006076174 0.0427070279719
13:28:02 1360 0.0430458838235 0.0432311113099
13:28:03 1062 0.042315653484 0.0417112196037
13:28:04 1550 0.0363119225806 0.0404934421375
13:28:05 1096 0.0395952381387 0.0385768289706
13:28:06 1274 0.0411695204082 0.0383902047619
13:28:07 1311 0.0438475240275 0.0391036566023
13:28:08 1023 0.0438025855327 0.0399532461479
13:28:09 234 0.0392808247863 0.04078493176
13:28:10 230 0.0337020913043 0.0411730151732
13:28:11 221 0.0325308280543 0.0405371851703
13:28:12 334 0.0338744520958 0.039560207214
13:28:13 695 0.0362389798561 0.0386430640412
13:28:14 0  0.0362389798561 0.0386430640412
13:28:15 0  0.0362389798561 0.0386430640412
13:28:16 0  0.0362389798561 0.0386430640412
13:28:17 0  0.0362389798561 0.0386430640412
13:28:18 0  0.0362389798561 0.0386430640412
13:28:19 0  0.0362389798561 0.0386430640412
13:28:20 0  0.0362389798561 0.0386430640412
13:28:21 0  0.0362389798561 0.0386430640412
13:28:22 0  0.0362389798561 0.0386430640412
13:28:23 0  0.0362389798561 0.0386430640412
13:28:24 0  0.0362389798561 0.0386430640412
13:28:25 0  0.0362389798561 0.0386430640412
13:28:26 0  0.0362389798561 0.0386430640412
13:28:27 0  0.0362389798561 0.0386430640412
13:28:28 0  0.0362389798561 0.0386430640412
13:28:29 0  0.0362389798561 0.0386430640412
13:28:30 0  0.0362389798561 0.0386430640412
13:28:31 0  0.0362389798561 0.0386430640412
13:28:32 0  0.0362389798561 0.0386430640412
13:28:33 0  0.0362389798561 0.0386430640412
13:28:34 0  0.0362389798561 0.0386430640412
13:28:35 0  0.0362389798561 0.0386430640412
13:28:36 668 0.0356980508982 0.0380353966785
13:28:37 315 0.0366361492063 0.0379740095102
13:28:38 21 0.0403628571429 0.037678100617
13:28:39 0  0.0403628571429 0.037678100617
13:28:40 0  0.0403628571429 0.037678100617
13:28:41 0  0.0403628571429 0.037678100617
13:28:42 0  0.0403628571429 0.037678100617
13:28:43 0  0.0403628571429 0.037678100617
13:28:44 0  0.0403628571429 0.037678100617
13:28:45 0  0.0403628571429 0.037678100617
13:28:46 0  0.0403628571429 0.037678100617
13:28:47 0  0.0403628571429 0.037678100617
13:28:48 0  0.0403628571429 0.037678100617
13:28:49 0  0.0403628571429 0.037678100617
13:28:50 0  0.0403628571429 0.037678100617
13:28:51 0  0.0403628571429 0.037678100617
13:28:52 0  0.0403628571429 0.037678100617
13:28:53 0  0.0403628571429 0.037678100617
13:28:54 0  0.0403628571429 0.037678100617
13:28:55 986 0.0362826876268 0.0375974342905
13:28:56 1046 0.0421666443595 0.0368409506504
13:28:57 1176 0.0430823443878 0.0366773565331
13:28:58 1388 0.0399139459654 0.0370575084932
13:28:59 1314 0.0367062229833 0.0376786939593
13:29:00 110 0.0382415181818 0.0380962334522
13:29:01 0  0.0382415181818 0.0380962334522
13:29:02 86 0.0377315813953 0.0385329400608
13:29:03 261 0.0331632337165 0.0386822002147
13:29:04 0  0.0331632337165 0.0386822002147
13:29:05 0  0.0331632337165 0.0386822002147
13:29:06 0  0.0331632337165 0.0386822002147
13:29:07 0  0.0331632337165 0.0386822002147
13:29:08 657 0.0358073637747 0.0384287184966
13:29:09 0  0.0358073637747 0.0384287184966
13:29:10 0  0.0358073637747 0.0384287184966
13:29:11 0  0.0358073637747 0.0384287184966
13:29:12 0  0.0358073637747 0.0384287184966
13:29:13 0  0.0358073637747 0.0384287184966
13:29:14 0  0.0358073637747 0.0384287184966
13:29:15 0  0.0358073637747 0.0384287184966
13:29:16 0  0.0358073637747 0.0384287184966
13:29:17 1004 0.0358000328685 0.0383458399534
13:29:18 1136 0.0418253626761 0.037889557526
13:29:19 1228 0.0376948338762 0.0384438250309
13:29:20 242 0.0350891694215 0.0379966439826
13:29:21 1082 0.397981666359 0.0371973264859
13:29:22 1102 0.0392765027223 0.0730040985253
13:29:23 1202 0.0396361763727 0.0732611264992
13:29:24 425 0.0375583058824 0.0734005923182
13:29:25 84 0.0353522857143 0.0733832647669
13:29:26 213 0.0332207370892 0.0736021699667
13:29:27 554 0.0359716967509 0.0733435072982
13:29:28 40 0.031852025 0.0733606736864
13:29:29 0  0.031852025 0.0733606736864
13:29:30 0  0.031852025 0.0733606736864
13:29:31 0  0.031852025 0.0733606736864
13:29:32 421 0.0353853111639 0.0723633399188
13:29:33 293 0.0353245494881 0.0721323876476
13:29:34 0  0.0353245494881 0.0721323876476
13:29:35 0  0.0353245494881 0.0721323876476
13:29:36 0  0.0353245494881 0.0721323876476
13:29:37 0  0.0353245494881 0.0721323876476
13:29:38 0  0.0353245494881 0.0721323876476
13:29:39 0  0.0353245494881 0.0721323876476
13:29:40 0  0.0353245494881 0.0721323876476
13:29:41 0  0.0353245494881 0.0721323876476
13:29:42 0  0.0353245494881 0.0721323876476
13:29:43 0  0.0353245494881 0.0721323876476
13:29:44 0  0.0353245494881 0.0721323876476
13:29:45 0  0.0353245494881 0.0721323876476
13:29:46 0  0.0353245494881 0.0721323876476
13:29:47 0  0.0353245494881 0.0721323876476
13:29:48 0  0.0353245494881 0.0721323876476
13:29:49 0  0.0353245494881 0.0721323876476
13:29:50 0  0.0353245494881 0.0721323876476
13:29:51 0  0.0353245494881 0.0721323876476
13:29:52 0  0.0353245494881 0.0721323876476
13:29:53 0  0.0353245494881 0.0721323876476
13:29:54 1004 0.0369061284861 0.0721559256542
13:29:55 638 0.0352431144201 0.036048371867
13:29:56 1352 0.0376396042899 0.0356450330368
13:29:57 1000 0.040111773 0.0354453758285
13:29:58 1102 0.0371236016334 0.0357007225402
13:29:59 426 0.0326977253521 0.0358778541322
13:30:00 500 0.036042654 0.0358255529584
13:30:01 0  0.036042654 0.0358255529584
13:30:02 1002 0.0345688512974 0.0358326486834
13:30:03 1004 0.0354894322709 0.0361043313131
13:30:04 0  0.0354894322709 0.0361043313131
13:30:05 0  0.0354894322709 0.0361043313131
13:30:06 0  0.0354894322709 0.0361043313131
13:30:07 0  0.0354894322709 0.0361043313131
13:30:08 0  0.0354894322709 0.0361043313131
13:30:09 0  0.0354894322709 0.0361043313131
13:30:10 0  0.0354894322709 0.0361043313131
13:30:11 0  0.0354894322709 0.0361043313131
13:30:12 0  0.0354894322709 0.0361043313131
13:30:13 0  0.0354894322709 0.0361043313131
13:30:14 0  0.0354894322709 0.0361043313131
13:30:15 0  0.0354894322709 0.0361043313131
13:30:16 0  0.0354894322709 0.0361043313131
13:30:17 0  0.0354894322709 0.0361043313131
13:30:18 0  0.0354894322709 0.0361043313131
13:30:19 0  0.0354894322709 0.0361043313131
13:30:20 0  0.0354894322709 0.0361043313131
13:30:21 0  0.0354894322709 0.0361043313131
13:30:22 0  0.0354894322709 0.0361043313131
13:30:23 0  0.0354894322709 0.0361043313131
13:30:24 0  0.0354894322709 0.0361043313131
13:30:25 132 0.0302622878788 0.0361147434238
13:30:26 200 0.032642525 0.0356085172629
13:30:27 0  0.032642525 0.0356085172629
13:30:28 83 18.6074844819 0.0351821569143
13:30:29 0  18.6074844819 0.0351821569143
13:30:30 0  18.6074844819 0.0351821569143
13:30:31 589 0.0348294227504 1.89240629367
13:30:32 0  0.0348294227504 1.89240629367
13:30:33 0  0.0348294227504 1.89240629367
13:30:34 0  0.0348294227504 1.89240629367
13:30:35 474 0.0393071729958 1.89212527551
13:30:36 530 0.0360315018868 1.89204481551
13:30:37 690 0.0351334797101 1.89193560554
13:30:38 314 0.0361315159236 1.89217918097
13:30:39 939 0.0351228732694 1.89218806716
13:30:40 65 0.0358574923077 1.89224346936
13:30:41 0  0.0358574923077 1.89224346936
13:30:42 1004 0.0680567729084 1.89228027537
13:30:43 1492 0.0347490455764 1.89605972387
13:30:44 514 0.0354933132296 1.89627037593
13:30:45 0  0.0354933132296 1.89627037593
13:30:46 0  0.0354933132296 1.89627037593
13:30:47 0  0.0354933132296 1.89627037593
13:30:48 0  0.0354933132296 1.89627037593
13:30:49 0  0.0354933132296 1.89627037593
13:30:50 0  0.0354933132296 1.89627037593
13:30:51 0  0.0354933132296 1.89627037593
13:30:52 0  0.0354933132296 1.89627037593
13:30:53 0  0.0354933132296 1.89627037593
13:30:54 0  0.0354933132296 1.89627037593
13:30:55 0  0.0354933132296 1.89627037593
13:30:56 0  0.0354933132296 1.89627037593
13:30:57 0  0.0354933132296 1.89627037593
13:30:58 0  0.0354933132296 1.89627037593
13:30:59 0  0.0354933132296 1.89627037593
13:31:00 0  0.0354933132296 1.89627037593
13:31:01 0  0.0354933132296 1.89627037593
13:31:02 0  0.0354933132296 1.89627037593
13:31:03 0  0.0354933132296 1.89627037593
13:31:04 0  0.0354933132296 1.89627037593
13:31:05 0  0.0354933132296 1.89627037593
13:31:06 0  0.0354933132296 1.89627037593
13:31:07 0  0.0354933132296 1.89627037593
13:31:08 0  0.0354933132296 1.89627037593
13:31:09 0  0.0354933132296 1.89627037593
13:31:10 0  0.0354933132296 1.89627037593
13:31:11 0  0.0354933132296 1.89627037593
13:31:12 0  0.0354933132296 1.89627037593
13:31:13 0  0.0354933132296 1.89627037593
13:31:14 0  0.0354933132296 1.89627037593
13:31:15 0  0.0354933132296 1.89627037593
13:31:16 0  0.0354933132296 1.89627037593
13:31:17 0  0.0354933132296 1.89627037593
13:31:18 0  0.0354933132296 1.89627037593
13:31:19 0  0.0354933132296 1.89627037593
13:31:20 0  0.0354933132296 1.89627037593
13:31:21 0  0.0354933132296 1.89627037593
13:31:22 0  0.0354933132296 1.89627037593
13:31:23 0  0.0354933132296 1.89627037593
13:31:24 0  0.0354933132296 1.89627037593
13:31:25 0  0.0354933132296 1.89627037593
13:31:26 0  0.0354933132296 1.89627037593
13:31:27 0  0.0354933132296 1.89627037593
13:31:28 0  0.0354933132296 1.89627037593
13:31:29 0  0.0354933132296 1.89627037593
13:31:30 0  0.0354933132296 1.89627037593
13:31:31 0  0.0354933132296 1.89627037593
13:31:32 0  0.0354933132296 1.89627037593
13:31:33 0  0.0354933132296 1.89627037593
13:31:34 0  0.0354933132296 1.89627037593
13:31:35 0  0.0354933132296 1.89627037593
13:31:36 0  0.0354933132296 1.89627037593
13:31:37 0  0.0354933132296 1.89627037593
13:31:38 0  0.0354933132296 1.89627037593
13:31:39 0  0.0354933132296 1.89627037593
13:31:40 0  0.0354933132296 1.89627037593
13:31:41 0  0.0354933132296 1.89627037593
13:31:42 0  0.0354933132296 1.89627037593
13:31:43 0  0.0354933132296 1.89627037593
13:31:44 0  0.0354933132296 1.89627037593
13:31:45 0  0.0354933132296 1.89627037593
13:31:46 0  0.0354933132296 1.89627037593
13:31:47 0  0.0354933132296 1.89627037593
13:31:48 0  0.0354933132296 1.89627037593
13:31:49 1004 0.0352888894422 0.0390712590558
13:31:50 0  0.0352888894422 0.0390712590558
13:31:51 0  0.0352888894422 0.0390712590558
13:31:52 0  0.0352888894422 0.0390712590558
13:31:53 0  0.0352888894422 0.0390712590558
13:31:54 1340 0.0340126574627 0.039117205725
13:31:55 1670 0.0356777526946 0.0385877541717
13:31:56 1004 0.0340909053785 0.0385523792525
13:31:57 1589 0.0344823033354 0.0384481218193
13:31:58 1261 0.0344603108644 0.0382832005605
13:31:59 1162 0.0387804931153 0.03821694432
13:32:00 1003 0.0356651615155 0.0385092444008
13:32:01 1005 0.0373047482587 0.0352700832615
13:32:02 1343 0.0352384333582 0.0355256535297
13:32:03 663 0.0346927496229 0.0355001655425
13:32:04 0  0.0346927496229 0.0355001655425
13:32:05 0  0.0346927496229 0.0355001655425
13:32:06 0  0.0346927496229 0.0355001655425
13:32:07 154 0.0362186428571 0.0354405515606
13:32:08 850 0.0352329082353 0.0356611501001
13:32:09 0  0.0352329082353 0.0356611501001
13:32:10 0  0.0352329082353 0.0356611501001
13:32:11 0  0.0352329082353 0.0356611501001
13:32:12 0  0.0352329082353 0.0356611501001
13:32:13 0  0.0352329082353 0.0356611501001
13:32:14 0  0.0352329082353 0.0356611501001
13:32:15 0  0.0352329082353 0.0356611501001
13:32:16 0  0.0352329082353 0.0356611501001
13:32:17 0  0.0352329082353 0.0356611501001
13:32:18 0  0.0352329082353 0.0356611501001
13:32:19 0  0.0352329082353 0.0356611501001
13:32:20 0  0.0352329082353 0.0356611501001
13:32:21 0  0.0352329082353 0.0356611501001
13:32:22 0  0.0352329082353 0.0356611501001
13:32:23 0  0.0352329082353 0.0356611501001
13:32:24 0  0.0352329082353 0.0356611501001
13:32:25 0  0.0352329082353 0.0356611501001
13:32:26 0  0.0352329082353 0.0356611501001
13:32:27 0  0.0352329082353 0.0356611501001
13:32:28 0  0.0352329082353 0.0356611501001
13:32:29 0  0.0352329082353 0.0356611501001
13:32:30 0  0.0352329082353 0.0356611501001
13:32:31 0  0.0352329082353 0.0356611501001
13:32:32 0  0.0352329082353 0.0356611501001
13:32:33 0  0.0352329082353 0.0356611501001
13:32:34 0  0.0352329082353 0.0356611501001
13:32:35 0  0.0352329082353 0.0356611501001
13:32:36 0  0.0352329082353 0.0356611501001
13:32:37 0  0.0352329082353 0.0356611501001
13:32:38 1004 0.0351524631474 0.0356166656541
13:32:39 0  0.0351524631474 0.0356166656541
13:32:40 1004 0.0357713834661 0.035722821431
13:32:41 524 0.0330470591603 0.0358517294441
13:32:42 979 0.0352404565884 0.0357104042737
13:32:43 503 0.0357229244533 0.035356400621
13:32:44 300 0.0367613266667 0.0353621769148
13:32:45 704 0.0354726960227 0.0353078347556
13:32:46 0  0.0354726960227 0.0353078347556
13:32:47 0  0.0354726960227 0.0353078347556
13:32:48 0  0.0354726960227 0.0353078347556
13:32:49 0  0.0354726960227 0.0353078347556
13:32:50 0  0.0354726960227 0.0353078347556
13:32:51 0  0.0354726960227 0.0353078347556
13:32:52 0  0.0354726960227 0.0353078347556
13:32:53 0  0.0354726960227 0.0353078347556
13:32:54 1004 0.0352057250996 0.035331261022
13:32:55 0  0.0352057250996 0.035331261022
13:32:56 0  0.0352057250996 0.035331261022
13:32:57 0  0.0352057250996 0.035331261022
13:32:58 0  0.0352057250996 0.035331261022
13:32:59 0  0.0352057250996 0.035331261022
13:33:00 0  0.0352057250996 0.035331261022
13:33:01 0  0.0352057250996 0.035331261022
13:33:02 0  0.0352057250996 0.035331261022
13:33:03 0  0.0352057250996 0.035331261022
13:33:04 0  0.0352057250996 0.035331261022
13:33:05 0  0.0352057250996 0.035331261022
13:33:06 0  0.0352057250996 0.035331261022
13:33:07 0  0.0352057250996 0.035331261022
13:33:08 0  0.0352057250996 0.035331261022
13:33:09 0  0.0352057250996 0.035331261022
13:33:10 0  0.0352057250996 0.035331261022
13:33:11 460 0.0354734695652 0.0353825585697
13:33:12 1546 0.0362208693402 0.0353080412405
13:33:13 0  0.0362208693402 0.0353080412405
13:33:14 0  0.0362208693402 0.0353080412405
13:33:15 0  0.0362208693402 0.0353080412405
13:33:16 0  0.0362208693402 0.0353080412405
13:33:17 432 0.0330660810185 0.035406837351
13:33:18 274 0.0346577080292 0.0351981991381
13:33:19 167 0.0382346706587 0.0350868315944
13:33:20 131 0.0361022671756 0.0356055927442
13:33:21 0  0.0361022671756 0.0356055927442
13:33:22 0  0.0361022671756 0.0356055927442
13:33:23 0  0.0361022671756 0.0356055927442
13:33:24 0  0.0361022671756 0.0356055927442
13:33:25 0  0.0361022671756 0.0356055927442
13:33:26 0  0.0361022671756 0.0356055927442
13:33:27 0  0.0361022671756 0.0356055927442
13:33:28 0  0.0361022671756 0.0356055927442
13:33:29 0  0.0361022671756 0.0356055927442
13:33:30 0  0.0361022671756 0.0356055927442
13:33:31 0  0.0361022671756 0.0356055927442
13:33:32 0  0.0361022671756 0.0356055927442
13:33:33 0  0.0361022671756 0.0356055927442
13:33:34 0  0.0361022671756 0.0356055927442
13:33:35 0  0.0361022671756 0.0356055927442
13:33:36 0  0.0361022671756 0.0356055927442
13:33:37 0  0.0361022671756 0.0356055927442
13:33:38 0  0.0361022671756 0.0356055927442
13:33:39 0  0.0361022671756 0.0356055927442
13:33:40 0  0.0361022671756 0.0356055927442
13:33:41 0  0.0361022671756 0.0356055927442
13:33:42 0  0.0361022671756 0.0356055927442
13:33:43 0  0.0361022671756 0.0356055927442
13:33:44 0  0.0361022671756 0.0356055927442
13:33:45 0  0.0361022671756 0.0356055927442
13:33:46 0  0.0361022671756 0.0356055927442
13:33:47 0  0.0361022671756 0.0356055927442
13:33:48 0  0.0361022671756 0.0356055927442
13:33:49 0  0.0361022671756 0.0356055927442
13:33:50 0  0.0361022671756 0.0356055927442
13:33:51 0  0.0361022671756 0.0356055927442
13:33:52 0  0.0361022671756 0.0356055927442
13:33:53 0  0.0361022671756 0.0356055927442
13:33:54 0  0.0361022671756 0.0356055927442
13:33:55 0  0.0361022671756 0.0356055927442
13:33:56 0  0.0361022671756 0.0356055927442
13:33:57 0  0.0361022671756 0.0356055927442
13:33:58 0  0.0361022671756 0.0356055927442
13:33:59 0  0.0361022671756 0.0356055927442
13:34:00 0  0.0361022671756 0.0356055927442
13:34:01 0  0.0361022671756 0.0356055927442
13:34:02 0  0.0361022671756 0.0356055927442
13:34:03 0  0.0361022671756 0.0356055927442
13:34:04 0  0.0361022671756 0.0356055927442
13:34:05 0  0.0361022671756 0.0356055927442
13:34:06 0  0.0361022671756 0.0356055927442
13:34:07 0  0.0361022671756 0.0356055927442
13:34:08 0  0.0361022671756 0.0356055927442
13:34:09 0  0.0361022671756 0.0356055927442
13:34:10 0  0.0361022671756 0.0356055927442
13:34:11 0  0.0361022671756 0.0356055927442
13:34:12 0  0.0361022671756 0.0356055927442
13:34:13 0  0.0361022671756 0.0356055927442
13:34:14 121 0.103599206612 0.035691773803
13:34:15 749 0.185265020027 0.0424794020188
13:34:16 754 0.124928046419 0.0573297713548
13:34:17 1060 0.0826862292453 0.0662753063944
13:34:18 536 0.351137117537 0.071023356809
13:34:19 184 0.0351298315217 0.102589721606
13:34:20 0  0.0351298315217 0.102589721606
13:34:21 0  0.0351298315217 0.102589721606
13:34:22 0  0.0351298315217 0.102589721606
13:34:23 610 0.0528792245902 0.102480617824
13:34:24 0  0.0528792245902 0.102480617824
13:34:25 0  0.0528792245902 0.102480617824
13:34:26 0  0.0528792245902 0.102480617824
13:34:27 0  0.0528792245902 0.102480617824
13:34:28 0  0.0528792245902 0.102480617824
13:34:29 0  0.0528792245902 0.102480617824
13:34:30 0  0.0528792245902 0.102480617824
13:34:31 0  0.0528792245902 0.102480617824
13:34:32 0  0.0528792245902 0.102480617824
13:34:33 403 0.0334635980149 0.104461932182
13:34:34 601 0.033625515807 0.10434252118
13:34:35 0  0.033625515807 0.10434252118
13:34:36 0  0.033625515807 0.10434252118
13:34:37 0  0.033625515807 0.10434252118
13:34:38 1004 0.0350575846614 0.103881605695
13:34:39 0  0.0350575846614 0.103881605695
13:34:40 465 0.0363966021505 0.103777137444
13:34:41 1541 0.0339610584036 0.0970568769974
13:34:42 1004 0.0345703615538 0.0819264808351
13:34:43 1448 0.0342658370166 0.0728907123486
13:34:44 132 0.0339047727273 0.0680486731257
13:34:45 251 3.25548096414 0.0363254386447
13:34:46 1 0.088696 0.358360551907
13:34:47 174 0.0365534367816 0.361942229448
13:34:48 0  0.0365534367816 0.361942229448
13:34:49 0  0.0365534367816 0.361942229448
13:34:50 0  0.0365534367816 0.361942229448
13:34:51 0  0.0365534367816 0.361942229448
13:34:52 0  0.0365534367816 0.361942229448
13:34:53 0  0.0365534367816 0.361942229448
13:34:54 0  0.0365534367816 0.361942229448
13:34:55 0  0.0365534367816 0.361942229448
13:34:56 563 0.034972660746 0.362251213325
13:34:57 441 0.0352026031746 0.362385927818
13:34:58 0  0.0352026031746 0.362385927818
13:34:59 0  0.0352026031746 0.362385927818
13:35:00 0  0.0352026031746 0.362385927818
13:35:01 0  0.0352026031746 0.362385927818
13:35:02 0  0.0352026031746 0.362385927818
13:35:03 0  0.0352026031746 0.362385927818
13:35:04 0  0.0352026031746 0.362385927818
13:35:05 0  0.0352026031746 0.362385927818
13:35:06 0  0.0352026031746 0.362385927818
13:35:07 0  0.0352026031746 0.362385927818
13:35:08 0  0.0352026031746 0.362385927818
13:35:09 0  0.0352026031746 0.362385927818
13:35:10 0  0.0352026031746 0.362385927818
13:35:11 0  0.0352026031746 0.362385927818
13:35:12 0  0.0352026031746 0.362385927818
13:35:13 0  0.0352026031746 0.362385927818
13:35:14 0  0.0352026031746 0.362385927818
13:35:15 0  0.0352026031746 0.362385927818
13:35:16 0  0.0352026031746 0.362385927818
13:35:17 0  0.0352026031746 0.362385927818
13:35:18 0  0.0352026031746 0.362385927818
13:35:19 1004 0.0348344960159 0.36240042967
13:35:20 526 0.0342208707224 0.362244219056
13:35:21 1482 0.0345776950067 0.362270200288
13:35:22 1119 0.0353908087578 0.362270933633
